Vertex Count: 1296

Data:

-0.427549 1.86216 -0.343381 0.529817 0.429057 -0.0861 -0.02 -0.9961
-0.424438 2.0247 -0.346922 0.588055 0.429057 -0.0861 -0.02 -0.9961
0.380941 1.87192 -0.413465 0.529817 0.487295 -0.0861 -0.02 -0.9961
-0.357356 1.85316 0.465108 0.529817 0.367967 0.0861 0.02 0.9961
0.451133 1.86292 0.395024 0.588055 0.367967 0.0861 0.02 0.9961
-0.354246 2.0157 0.461568 0.529817 0.426205 0.0861 0.02 0.9961
-0.424438 2.0247 -0.346922 0.57385 0.998574 -0.996 0.0209 0.0867
-0.427549 1.86216 -0.343381 0.57385 0.940336 -0.996 0.0209 0.0867
-0.354246 2.0157 0.461568 0.632088 0.998574 -0.996 0.0209 0.0867
0.451133 1.86292 0.395024 0.57385 0.937484 0.996 -0.021 -0.0867
0.380941 1.87192 -0.413465 0.57385 0.879246 0.996 -0.021 -0.0867
0.454245 2.02547 0.391484 0.632088 0.937484 0.996 -0.021 -0.0867
-0.427549 1.86216 -0.343381 0.57385 0.818156 0.011 -0.9999 -0.0121
0.380941 1.87192 -0.413465 0.632088 0.818156 0.011 -0.9999 -0.0121
-0.357356 1.85316 0.465108 0.57385 0.876394 0.011 -0.9999 -0.0121
-0.424438 2.0247 -0.346922 0.57385 0.757065 -0.011 0.9999 0.0121
-0.354246 2.0157 0.461568 0.632088 0.757065 -0.011 0.9999 0.0121
0.384052 2.03447 -0.417005 0.57385 0.815304 -0.011 0.9999 0.0121
-0.183231 1.78994 0.257973 0.57385 0.754213 -0.8195 -0.016 0.5729
-0.183977 1.85757 0.258791 0.57385 0.695975 -0.8195 -0.016 0.5729
-0.2735 1.79051 0.128862 0.632088 0.754213 -0.8195 -0.016 0.5729
-0.2735 1.79051 0.128862 0.57385 0.693123 -0.9962 -0.012 0.0864
-0.274247 1.85813 0.12968 0.57385 0.634885 -0.9962 -0.012 0.0864
-0.287126 1.79226 -0.028077 0.632088 0.693123 -0.9962 -0.012 0.0864
-0.287126 1.79226 -0.028077 0.57385 0.632033 -0.906 -0.0049 -0.4233
-0.287872 1.85988 -0.02726 0.57385 0.573795 -0.906 -0.0049 -0.4233
-0.220456 1.79472 -0.170793 0.632088 0.632033 -0.906 -0.0049 -0.4233
-0.221202 1.86234 -0.169975 0.57385 0.512705 -0.573 0.0036 -0.8195
-0.092101 1.86486 -0.260226 0.632088 0.512705 -0.573 0.0036 -0.8195
-0.220456 1.79472 -0.170793 0.57385 0.570943 -0.573 0.0036 -0.8195
-0.091355 1.79723 -0.261044 0.590908 0.487295 -0.0865 0.0111 -0.9962
-0.092101 1.86486 -0.260226 0.590908 0.429057 -0.0865 0.0111 -0.9962
0.065584 1.79913 -0.274648 0.649146 0.487295 -0.0865 0.0111 -0.9962
0.065584 1.79913 -0.274648 0.590908 0.426205 0.4232 0.0156 -0.9059
0.064838 1.86675 -0.273831 0.590908 0.367967 0.4232 0.0156 -0.9059
0.208311 1.7999 -0.20796 0.649146 0.426205 0.4232 0.0156 -0.9059
0.208311 1.7999 -0.20796 0.001426 0.402082 0.8195 0.016 -0.5729
0.207565 1.86752 -0.207143 0.001426 0.343844 0.8195 0.016 -0.5729
0.29858 1.79933 -0.078849 0.059664 0.402082 0.8195 0.016 -0.5729
0.297834 1.86696 -0.078031 0.062516 0.343844 0.9962 0.012 -0.0864
0.311459 1.86521 0.078908 0.120754 0.343844 0.9962 0.012 -0.0864
0.29858 1.79933 -0.078849 0.062516 0.402082 0.9962 0.012 -0.0864
0.312205 1.79759 0.07809 0.123606 0.402082 0.906 0.0049 0.4233
0.311459 1.86521 0.078908 0.123606 0.343844 0.906 0.0049 0.4233
0.245535 1.79512 0.220806 0.181844 0.402082 0.906 0.0049 0.4233
0.244789 1.86275 0.221624 0.184696 0.343844 0.573 -0.0036 0.8196
0.115689 1.86023 0.311875 0.242935 0.343844 0.573 -0.0036 0.8196
0.245535 1.79512 0.220806 0.184696 0.402082 0.573 -0.0036 0.8196
0.115689 1.86023 0.311875 0.245787 0.343844 0.0865 -0.0111 0.9962
-0.041251 1.85833 0.325479 0.304025 0.343844 0.0865 -0.0111 0.9962
0.116435 1.79261 0.311057 0.245787 0.402082 0.0865 -0.0111 0.9962
-0.041251 1.85833 0.325479 0.306877 0.343844 -0.4232 -0.0156 0.9059
-0.183977 1.85757 0.258791 0.365115 0.343844 -0.4232 -0.0156 0.9059
-0.040505 1.79071 0.324661 0.306877 0.402082 -0.4232 -0.0156 0.9059
-0.041251 1.85833 0.325479 0.945075 0.010947 -0.011 0.9999 0.0121
0.297834 1.86696 -0.078031 0.896358 0.024001 -0.011 0.9999 0.0121
-0.221202 1.86234 -0.169975 0.932022 0.059664 -0.011 0.9999 0.0121
-0.183231 1.78994 0.257973 0.989108 0.949857 0.011 -0.9999 -0.0121
-0.091355 1.79723 -0.261044 0.940391 0.962911 0.011 -0.9999 -0.0121
0.312205 1.79759 0.07809 0.976054 0.998574 0.011 -0.9999 -0.0121
-0.338942 0.16851 0.016993 0.001426 0.916213 -0.3651 -0.9258 -0.0978
-0.293018 0.16851 -0.154397 0.042607 0.957393 -0.3651 -0.9258 -0.0978
-0.207323 0.125662 -0.068702 0.001426 0.998574 -0.3651 -0.9258 -0.0978
-0.293018 0.16851 -0.154397 0.045459 0.916213 -0.4082 -0.8165 -0.4083
-0.167551 0.16851 -0.279863 0.086639 0.957393 -0.4082 -0.8165 -0.4083
-0.167551 0.125662 -0.194168 0.045459 0.998574 -0.4082 -0.8165 -0.4083
-0.167551 0.16851 -0.279863 0.089491 0.916213 -0.119 -0.8881 -0.444
0.003839 0.16851 -0.325787 0.130672 0.957393 -0.119 -0.8881 -0.444
0.003839 0.125662 -0.240092 0.089491 0.998574 -0.119 -0.8881 -0.444
0.003839 0.16851 -0.325787 0.001426 0.831 0.0978 -0.9258 -0.3651
0.175229 0.16851 -0.279863 0.042607 0.87218 0.0978 -0.9258 -0.3651
0.089534 0.125662 -0.194168 0.001426 0.913361 0.0978 -0.9258 -0.3651
0.175229 0.16851 -0.279863 0.045459 0.831 0.4083 -0.8165 -0.4083
0.300695 0.16851 -0.154397 0.086639 0.87218 0.4083 -0.8165 -0.4083
0.215 0.125662 -0.154397 0.045459 0.913361 0.4083 -0.8165 -0.4083
0.300695 0.16851 -0.154397 0.089491 0.831 0.444 -0.8881 -0.119
0.346619 0.16851 0.016993 0.130672 0.87218 0.444 -0.8881 -0.119
0.215 0.125662 -0.154397 0.089491 0.913361 0.444 -0.8881 -0.119
0.346619 0.16851 0.016993 0.133524 0.916213 0.3651 -0.9258 0.0978
0.300695 0.16851 0.188383 0.174704 0.957393 0.3651 -0.9258 0.0978
0.215 0.125662 0.102688 0.133524 0.998574 0.3651 -0.9258 0.0978
0.300695 0.16851 0.188383 0.133524 0.831 0.4082 -0.8165 0.4083
0.175229 0.16851 0.313849 0.174704 0.87218 0.4082 -0.8165 0.4083
0.175229 0.125662 0.228154 0.133524 0.913361 0.4082 -0.8165 0.4083
0.175229 0.16851 0.313849 0.177556 0.916213 0.119 -0.8881 0.444
0.003839 0.16851 0.359773 0.218737 0.957393 0.119 -0.8881 0.444
0.003839 0.125662 0.274078 0.177556 0.998574 0.119 -0.8881 0.444
0.003839 0.16851 0.359773 0.177556 0.831 -0.0978 -0.9258 0.3651
-0.167551 0.16851 0.313849 0.218737 0.87218 -0.0978 -0.9258 0.3651
-0.081856 0.125662 0.228154 0.177556 0.913361 -0.0978 -0.9258 0.3651
-0.167551 0.16851 0.313849 0.001426 0.745787 -0.4083 -0.8165 0.4082
-0.293018 0.16851 0.188383 0.042607 0.786967 -0.4083 -0.8165 0.4082
-0.207323 0.125662 0.188383 0.001426 0.828148 -0.4083 -0.8165 0.4082
-0.293018 0.16851 0.188383 0.045459 0.745787 -0.444 -0.8881 0.119
-0.338942 0.16851 0.016993 0.086639 0.786967 -0.444 -0.8881 0.119
-0.253246 0.125662 0.016993 0.045459 0.828148 -0.444 -0.8881 0.119
-0.338941 -0.00288 0.016993 0.989108 0.890751 -0 -1 0
0.175229 -0.00288 -0.279863 0.940391 0.903805 -0 -1 0
0.175229 -0.00288 0.313849 0.976054 0.939468 -0 -1 0
-0.293018 0.254205 0.188383 0.367967 0.402082 -0.7071 -0 0.7071
-0.293018 0.16851 0.188383 0.367967 0.343844 -0.7071 -0 0.7071
-0.167551 0.254205 0.313849 0.426205 0.402082 -0.7071 -0 0.7071
-0.167551 0.254205 0.313849 0.429057 0.402082 -0.2588 -0 0.9659
-0.167551 0.16851 0.313849 0.429057 0.343844 -0.2588 -0 0.9659
0.003839 0.254205 0.359773 0.487295 0.402082 -0.2588 -0 0.9659
0.003839 0.254205 0.359773 0.529817 0.365115 0.2588 -0 0.9659
0.003839 0.16851 0.359773 0.529817 0.306877 0.2588 -0 0.9659
0.175229 0.254205 0.313849 0.588055 0.365115 0.2588 -0 0.9659
0.175229 0.254205 0.313849 0.590908 0.365115 0.7071 -0 0.7071
0.175229 0.16851 0.313849 0.590908 0.306877 0.7071 -0 0.7071
0.300695 0.254205 0.188383 0.649146 0.365115 0.7071 -0 0.7071
0.300695 0.254205 0.188383 0.63494 0.998574 0.9659 -0 0.2588
0.300695 0.16851 0.188383 0.63494 0.940336 0.9659 -0 0.2588
0.346619 0.254205 0.016993 0.693178 0.998574 0.9659 -0 0.2588
0.346619 0.254205 0.016993 0.63494 0.937484 0.9659 -0 -0.2588
0.346619 0.16851 0.016993 0.63494 0.879246 0.9659 -0 -0.2588
0.300695 0.254205 -0.154397 0.693178 0.937484 0.9659 -0 -0.2588
0.300695 0.254205 -0.154397 0.63494 0.876394 0.7071 -0 -0.7071
0.300695 0.16851 -0.154397 0.63494 0.818156 0.7071 -0 -0.7071
0.175229 0.254205 -0.279863 0.693178 0.876394 0.7071 -0 -0.7071
0.175229 0.16851 -0.279863 0.63494 0.757065 0.2588 -0 -0.9659
0.003839 0.16851 -0.325787 0.693178 0.757065 0.2588 -0 -0.9659
0.175229 0.254205 -0.279863 0.63494 0.815304 0.2588 -0 -0.9659
0.003839 0.254205 -0.325787 0.63494 0.754213 -0.2588 -0 -0.9659
0.003839 0.16851 -0.325787 0.63494 0.695975 -0.2588 -0 -0.9659
-0.167551 0.254205 -0.279863 0.693178 0.754213 -0.2588 -0 -0.9659
-0.167551 0.254205 -0.279863 0.63494 0.693123 -0.7071 -0 -0.7071
-0.167551 0.16851 -0.279863 0.63494 0.634885 -0.7071 -0 -0.7071
-0.293018 0.254205 -0.154397 0.693178 0.693123 -0.7071 -0 -0.7071
-0.293018 0.254205 -0.154397 0.63494 0.632033 -0.9659 -0 -0.2588
-0.293018 0.16851 -0.154397 0.63494 0.573795 -0.9659 -0 -0.2588
-0.338942 0.254205 0.016993 0.693178 0.632033 -0.9659 -0 -0.2588
-0.338942 0.254205 0.016993 0.63494 0.570943 -0.9659 -0 0.2588
-0.338942 0.16851 0.016993 0.63494 0.512705 -0.9659 -0 0.2588
-0.293018 0.254205 0.188383 0.693178 0.570943 -0.9659 -0 0.2588
0.175229 0.082815 -0.279863 0.651998 0.487295 0.7071 -0 -0.7071
0.300695 0.082815 -0.154397 0.651998 0.429057 0.7071 -0 -0.7071
0.175229 -0.00288 -0.279863 0.710236 0.487295 0.7071 -0 -0.7071
0.300695 0.082815 -0.154397 0.651998 0.426205 0.9659 -0 -0.2588
0.346619 0.082815 0.016993 0.651998 0.367967 0.9659 -0 -0.2588
0.300695 -0.00288 -0.154397 0.710236 0.426205 0.9659 -0 -0.2588
0.300695 0.082815 0.188383 0.651998 0.306877 0.9659 -0 0.2588
0.300695 -0.00288 0.188383 0.710236 0.306877 0.9659 -0 0.2588
0.346619 0.082815 0.016993 0.651998 0.365115 0.9659 -0 0.2588
0.175229 0.082815 0.313849 0.001426 0.282754 0.7071 -0 0.7071
0.175229 -0.00288 0.313849 0.059664 0.282754 0.7071 -0 0.7071
0.300695 0.082815 0.188383 0.001426 0.340992 0.7071 -0 0.7071
0.003839 0.082815 0.359773 0.062516 0.282754 0.2588 -0 0.9659
0.003839 -0.00288 0.359773 0.120754 0.282754 0.2588 -0 0.9659
0.175229 0.082815 0.313849 0.062516 0.340992 0.2588 -0 0.9659
0.003839 0.082815 0.359773 0.123606 0.340992 -0.2588 -0 0.9659
-0.167551 0.082815 0.313849 0.123606 0.282754 -0.2588 -0 0.9659
0.003839 -0.00288 0.359773 0.181844 0.340992 -0.2588 -0 0.9659
-0.167551 0.082815 0.313849 0.184696 0.340992 -0.7071 -0 0.7071
-0.293018 0.082815 0.188383 0.184696 0.282754 -0.7071 -0 0.7071
-0.167551 -0.00288 0.313849 0.242935 0.340992 -0.7071 -0 0.7071
-0.293018 0.082815 0.188383 0.245787 0.340992 -0.9659 -0 0.2588
-0.338942 0.082815 0.016993 0.245787 0.282754 -0.9659 -0 0.2588
-0.293018 -0.00288 0.188383 0.304025 0.340992 -0.9659 -0 0.2588
-0.338942 0.082815 0.016993 0.306877 0.340992 -0.9659 -0 -0.2588
-0.293018 0.082815 -0.154397 0.306877 0.282754 -0.9659 -0 -0.2588
-0.338941 -0.00288 0.016993 0.365115 0.340992 -0.9659 -0 -0.2588
-0.293018 0.082815 -0.154397 0.367967 0.340992 -0.7071 -0 -0.7071
-0.167551 0.082815 -0.279863 0.367967 0.282754 -0.7071 -0 -0.7071
-0.293017 -0.002881 -0.154397 0.426205 0.340992 -0.7071 -0 -0.7071
0.003839 0.082815 -0.325787 0.429057 0.282754 -0.2588 -0 -0.9659
0.003839 -0.00288 -0.325787 0.487295 0.282754 -0.2588 -0 -0.9659
-0.167551 0.082815 -0.279863 0.429057 0.340992 -0.2588 -0 -0.9659
0.003839 0.082815 -0.325787 0.529817 0.304025 0.2588 -0 -0.9659
0.175229 0.082815 -0.279863 0.529817 0.245787 0.2588 -0 -0.9659
0.003839 -0.00288 -0.325787 0.588055 0.304025 0.2588 -0 -0.9659
0.346619 0.082815 0.016993 0.089491 0.745787 0.444 0.8881 -0.119
0.300695 0.082815 -0.154397 0.130672 0.786967 0.444 0.8881 -0.119
0.215 0.125662 -0.154397 0.089491 0.828148 0.444 0.8881 -0.119
0.215 0.125662 -0.154397 0.133524 0.745787 0.4082 0.8165 -0.4082
0.300695 0.082815 -0.154397 0.174704 0.786967 0.4082 0.8165 -0.4082
0.175229 0.082815 -0.279863 0.133524 0.828148 0.4082 0.8165 -0.4082
0.215 0.125662 0.102688 0.177556 0.745787 0.3651 0.9258 0.0978
0.300695 0.082815 0.188383 0.218737 0.786967 0.3651 0.9258 0.0978
0.346619 0.082815 0.016993 0.177556 0.828148 0.3651 0.9258 0.0978
0.175229 0.125662 0.228154 0.221589 0.916213 0.4082 0.8165 0.4082
0.175229 0.082815 0.313849 0.26277 0.957393 0.4082 0.8165 0.4082
0.300695 0.082815 0.188383 0.221589 0.998574 0.4082 0.8165 0.4082
0.003839 0.125662 0.274078 0.221589 0.831 0.119 0.8881 0.444
0.003839 0.082815 0.359773 0.26277 0.87218 0.119 0.8881 0.444
0.175229 0.082815 0.313849 0.221589 0.913361 0.119 0.8881 0.444
-0.081856 0.125662 0.228154 0.221589 0.745787 -0.0978 0.9258 0.3651
-0.167551 0.082815 0.313849 0.26277 0.786967 -0.0978 0.9258 0.3651
0.003839 0.082815 0.359773 0.221589 0.828148 -0.0978 0.9258 0.3651
-0.207323 0.125662 0.188383 0.265622 0.916213 -0.4082 0.8165 0.4082
-0.293018 0.082815 0.188383 0.306802 0.957393 -0.4082 0.8165 0.4082
-0.167551 0.082815 0.313849 0.265622 0.998574 -0.4082 0.8165 0.4082
-0.253246 0.125662 0.016993 0.265622 0.831 -0.444 0.8881 0.119
-0.338942 0.082815 0.016993 0.306802 0.87218 -0.444 0.8881 0.119
-0.293018 0.082815 0.188383 0.265622 0.913361 -0.444 0.8881 0.119
-0.207323 0.125662 -0.068702 0.265622 0.745787 -0.3651 0.9258 -0.0978
-0.293018 0.082815 -0.154397 0.306802 0.786967 -0.3651 0.9258 -0.0978
-0.338942 0.082815 0.016993 0.265622 0.828148 -0.3651 0.9258 -0.0978
-0.167551 0.125662 -0.194168 0.001426 0.660574 -0.4082 0.8165 -0.4082
-0.167551 0.082815 -0.279863 0.042607 0.701754 -0.4082 0.8165 -0.4082
-0.293018 0.082815 -0.154397 0.001426 0.742935 -0.4082 0.8165 -0.4082
0.003839 0.125662 -0.240092 0.045459 0.660574 -0.119 0.8881 -0.444
0.003839 0.082815 -0.325787 0.086639 0.701754 -0.119 0.8881 -0.444
-0.167551 0.082815 -0.279863 0.045459 0.742935 -0.119 0.8881 -0.444
0.089534 0.125662 -0.194168 0.089491 0.660574 0.0978 0.9258 -0.3651
0.175229 0.082815 -0.279863 0.130672 0.701754 0.0978 0.9258 -0.3651
0.003839 0.082815 -0.325787 0.089491 0.742935 0.0978 0.9258 -0.3651
0.346619 0.16851 0.016993 0.133524 0.660574 0.444 -0.8881 -0.119
0.260924 0.125662 0.016993 0.174704 0.701754 0.444 -0.8881 -0.119
0.215 0.125662 -0.154397 0.133524 0.742935 0.444 -0.8881 -0.119
0.215 0.125662 0.102688 0.177556 0.660574 0.4349 -0.8698 0.2331
0.260924 0.125662 0.016993 0.218737 0.701754 0.4349 -0.8698 0.2331
0.346619 0.16851 0.016993 0.177556 0.742935 0.4349 -0.8698 0.2331
0.215 0.125662 -0.154397 0.221589 0.660574 0.444 0.8881 -0.119
0.260924 0.125662 0.016993 0.26277 0.701754 0.444 0.8881 -0.119
0.346619 0.082815 0.016993 0.221589 0.742935 0.444 0.8881 -0.119
0.346619 0.082815 0.016993 0.265622 0.660574 0.4349 0.8698 0.2331
0.260924 0.125662 0.016993 0.306802 0.701754 0.4349 0.8698 0.2331
0.215 0.125662 0.102688 0.265622 0.742935 0.4349 0.8698 0.2331
0.175229 0.125662 0.228154 0.309654 0.916213 0.3527 -0.929 0.1118
0.215 0.125662 0.102688 0.350835 0.957393 0.3527 -0.929 0.1118
0.300695 0.16851 0.188383 0.309654 0.998574 0.3527 -0.929 0.1118
0.300695 0.082815 0.188383 0.309654 0.831 0.3527 0.929 0.1118
0.215 0.125662 0.102688 0.350835 0.87218 0.3527 0.929 0.1118
0.175229 0.125662 0.228154 0.309654 0.913361 0.3527 0.929 0.1118
0.003839 0.125662 0.274078 0.309654 0.745787 0.119 -0.8881 0.444
0.175229 0.125662 0.228154 0.350835 0.786967 0.119 -0.8881 0.444
0.175229 0.16851 0.313849 0.309654 0.828148 0.119 -0.8881 0.444
0.175229 0.082815 0.313849 0.309654 0.660574 0.119 0.8881 0.444
0.175229 0.125662 0.228154 0.350835 0.701754 0.119 0.8881 0.444
0.003839 0.125662 0.274078 0.309654 0.742935 0.119 0.8881 0.444
-0.081856 0.125662 0.228154 0.353687 0.916213 -0.2331 -0.8698 0.4349
0.003839 0.125662 0.274078 0.394867 0.957393 -0.2331 -0.8698 0.4349
0.003839 0.16851 0.359773 0.353687 0.998574 -0.2331 -0.8698 0.4349
0.003839 0.082815 0.359773 0.353687 0.831 -0.2331 0.8698 0.4349
0.003839 0.125662 0.274078 0.394867 0.87218 -0.2331 0.8698 0.4349
-0.081856 0.125662 0.228154 0.353687 0.913361 -0.2331 0.8698 0.4349
-0.207323 0.125662 0.188383 0.353687 0.745787 -0.1118 -0.929 0.3527
-0.081856 0.125662 0.228154 0.394867 0.786967 -0.1118 -0.929 0.3527
-0.167551 0.16851 0.313849 0.353687 0.828148 -0.1118 -0.929 0.3527
-0.167551 0.082815 0.313849 0.353687 0.660574 -0.1118 0.929 0.3527
-0.081856 0.125662 0.228154 0.394867 0.701754 -0.1118 0.929 0.3527
-0.207323 0.125662 0.188383 0.353687 0.742935 -0.1118 0.929 0.3527
-0.253246 0.125662 0.016993 0.001426 0.57536 -0.444 -0.8881 0.119
-0.207323 0.125662 0.188383 0.042607 0.616541 -0.444 -0.8881 0.119
-0.293018 0.16851 0.188383 0.001426 0.657721 -0.444 -0.8881 0.119
-0.293018 0.082815 0.188383 0.045459 0.57536 -0.444 0.8881 0.119
-0.207323 0.125662 0.188383 0.086639 0.616541 -0.444 0.8881 0.119
-0.253246 0.125662 0.016993 0.045459 0.657721 -0.444 0.8881 0.119
-0.207323 0.125662 -0.068702 0.089491 0.57536 -0.4349 -0.8698 -0.2331
-0.253246 0.125662 0.016993 0.130672 0.616541 -0.4349 -0.8698 -0.2331
-0.338942 0.16851 0.016993 0.089491 0.657721 -0.4349 -0.8698 -0.2331
-0.338942 0.082815 0.016993 0.133524 0.57536 -0.4349 0.8698 -0.2331
-0.253246 0.125662 0.016993 0.174704 0.616541 -0.4349 0.8698 -0.2331
-0.207323 0.125662 -0.068702 0.133524 0.657721 -0.4349 0.8698 -0.2331
-0.167551 0.125662 -0.194168 0.177556 0.57536 -0.3527 -0.929 -0.1118
-0.207323 0.125662 -0.068702 0.218737 0.616541 -0.3527 -0.929 -0.1118
-0.293018 0.16851 -0.154397 0.177556 0.657721 -0.3527 -0.929 -0.1118
-0.293018 0.082815 -0.154397 0.221589 0.57536 -0.3527 0.929 -0.1118
-0.207323 0.125662 -0.068702 0.26277 0.616541 -0.3527 0.929 -0.1118
-0.167551 0.125662 -0.194168 0.221589 0.657721 -0.3527 0.929 -0.1118
0.003839 0.125662 -0.240092 0.265622 0.57536 -0.119 -0.8881 -0.444
-0.167551 0.125662 -0.194168 0.306802 0.616541 -0.119 -0.8881 -0.444
-0.167551 0.16851 -0.279863 0.265622 0.657721 -0.119 -0.8881 -0.444
-0.167551 0.082815 -0.279863 0.309654 0.57536 -0.119 0.8881 -0.444
-0.167551 0.125662 -0.194168 0.350835 0.616541 -0.119 0.8881 -0.444
0.003839 0.125662 -0.240092 0.309654 0.657721 -0.119 0.8881 -0.444
0.089534 0.125662 -0.194168 0.353687 0.57536 0.2331 -0.8698 -0.4349
0.003839 0.125662 -0.240092 0.394867 0.616541 0.2331 -0.8698 -0.4349
0.003839 0.16851 -0.325787 0.353687 0.657721 0.2331 -0.8698 -0.4349
0.003839 0.082815 -0.325787 0.397719 0.916213 0.2331 0.8698 -0.4349
0.003839 0.125662 -0.240092 0.4389 0.957393 0.2331 0.8698 -0.4349
0.089534 0.125662 -0.194168 0.397719 0.998574 0.2331 0.8698 -0.4349
0.215 0.125662 -0.154397 0.397719 0.831 0.1118 -0.929 -0.3527
0.089534 0.125662 -0.194168 0.4389 0.87218 0.1118 -0.929 -0.3527
0.175229 0.16851 -0.279863 0.397719 0.913361 0.1118 -0.929 -0.3527
0.175229 0.082815 -0.279863 0.397719 0.745787 0.1118 0.929 -0.3527
0.089534 0.125662 -0.194168 0.4389 0.786967 0.1118 0.929 -0.3527
0.215 0.125662 -0.154397 0.397719 0.828148 0.1118 0.929 -0.3527
-0.322704 0.3399 0.205522 0.590908 0.304025 -0.6596 -0.3604 0.6596
-0.293018 0.254205 0.188383 0.590908 0.245787 -0.6596 -0.3604 0.6596
-0.184691 0.3399 0.343535 0.649146 0.304025 -0.6596 -0.3604 0.6596
-0.184691 0.3399 0.343535 0.651998 0.304025 -0.2414 -0.3604 0.901
-0.167551 0.254205 0.313849 0.651998 0.245787 -0.2414 -0.3604 0.901
0.003838 0.3399 0.394051 0.710236 0.304025 -0.2414 -0.3604 0.901
0.003838 0.3399 0.394051 0.69603 0.998574 0.2414 -0.3604 0.901
0.003839 0.254205 0.359773 0.69603 0.940336 0.2414 -0.3604 0.901
0.192367 0.3399 0.343535 0.754268 0.998574 0.2414 -0.3604 0.901
0.192367 0.3399 0.343535 0.69603 0.937484 0.6596 -0.3604 0.6596
0.175229 0.254205 0.313849 0.69603 0.879246 0.6596 -0.3604 0.6596
0.33038 0.3399 0.205523 0.754268 0.937484 0.6596 -0.3604 0.6596
0.33038 0.3399 0.205523 0.69603 0.876394 0.901 -0.3604 0.2414
0.300695 0.254205 0.188383 0.69603 0.818156 0.901 -0.3604 0.2414
0.380896 0.3399 0.016994 0.754268 0.876394 0.901 -0.3604 0.2414
0.346619 0.254205 0.016993 0.69603 0.757065 0.901 -0.3604 -0.2414
0.300695 0.254205 -0.154397 0.754268 0.757065 0.901 -0.3604 -0.2414
0.380896 0.3399 0.016994 0.69603 0.815304 0.901 -0.3604 -0.2414
0.300695 0.254205 -0.154397 0.69603 0.695975 0.6596 -0.3604 -0.6596
0.175229 0.254205 -0.279863 0.754268 0.695975 0.6596 -0.3604 -0.6596
0.33038 0.3399 -0.171536 0.69603 0.754213 0.6596 -0.3604 -0.6596
0.175229 0.254205 -0.279863 0.69603 0.634885 0.2414 -0.3604 -0.901
0.003839 0.254205 -0.325787 0.754268 0.634885 0.2414 -0.3604 -0.901
0.192367 0.3399 -0.309549 0.69603 0.693123 0.2414 -0.3604 -0.901
0.003839 0.254205 -0.325787 0.69603 0.573795 -0.2414 -0.3604 -0.901
-0.167551 0.254205 -0.279863 0.754268 0.573795 -0.2414 -0.3604 -0.901
0.003838 0.3399 -0.360064 0.69603 0.632033 -0.2414 -0.3604 -0.901
-0.167551 0.254205 -0.279863 0.69603 0.512705 -0.6596 -0.3604 -0.6596
-0.293018 0.254205 -0.154397 0.754268 0.512705 -0.6596 -0.3604 -0.6596
-0.18469 0.3399 -0.309549 0.69603 0.570943 -0.6596 -0.3604 -0.6596
-0.293018 0.254205 -0.154397 0.713088 0.429057 -0.901 -0.3604 -0.2414
-0.338942 0.254205 0.016993 0.771326 0.429057 -0.901 -0.3604 -0.2414
-0.322704 0.3399 -0.171536 0.713088 0.487295 -0.901 -0.3604 -0.2414
-0.37322 0.3399 0.016993 0.713088 0.426205 -0.901 -0.3604 0.2414
-0.338942 0.254205 0.016993 0.713088 0.367967 -0.901 -0.3604 0.2414
-0.322704 0.3399 0.205522 0.771326 0.426205 -0.901 -0.3604 0.2414
-0.322704 0.3399 0.205522 0.713088 0.306877 -0.7024 0.1153 0.7024
-0.184691 0.3399 0.343535 0.771326 0.306877 -0.7024 0.1153 0.7024
-0.188966 1.62532 0.128318 0.713088 0.365115 -0.7024 0.1153 0.7024
-0.184691 0.3399 0.343535 0.713088 0.245787 -0.2571 0.1153 0.9595
0.003838 0.3399 0.394051 0.771326 0.245787 -0.2571 0.1153 0.9595
-0.10747 1.62532 0.209813 0.713088 0.304025 -0.2571 0.1153 0.9595
0.003838 0.3399 0.394051 0.001426 0.221664 0.2571 0.1153 0.9595
0.192367 0.3399 0.343535 0.059664 0.221664 0.2571 0.1153 0.9595
0.003854 1.62532 0.239642 0.001426 0.279902 0.2571 0.1153 0.9595
0.192367 0.3399 0.343535 0.062516 0.221664 0.7024 0.1152 0.7024
0.33038 0.3399 0.205523 0.120754 0.221664 0.7024 0.1152 0.7024
0.115179 1.62532 0.209813 0.062516 0.279902 0.7024 0.1152 0.7024
0.33038 0.3399 0.205523 0.123606 0.221664 0.9595 0.1152 0.2571
0.380896 0.3399 0.016994 0.181844 0.221664 0.9595 0.1152 0.2571
0.196674 1.62532 0.128318 0.123606 0.279902 0.9595 0.1152 0.2571
0.226503 1.62532 0.016994 0.184696 0.279902 0.9595 0.1152 -0.2571
0.380896 0.3399 0.016994 0.184696 0.221664 0.9595 0.1152 -0.2571
0.196674 1.62532 -0.094331 0.242935 0.279902 0.9595 0.1152 -0.2571
0.196674 1.62532 -0.094331 0.245787 0.279902 0.7024 0.1152 -0.7024
0.33038 0.3399 -0.171536 0.245787 0.221664 0.7024 0.1152 -0.7024
0.115179 1.62532 -0.175826 0.304025 0.279902 0.7024 0.1152 -0.7024
0.115179 1.62532 -0.175826 0.306877 0.279902 0.2571 0.1153 -0.9595
0.192367 0.3399 -0.309549 0.306877 0.221664 0.2571 0.1153 -0.9595
0.003854 1.62532 -0.205655 0.365115 0.279902 0.2571 0.1153 -0.9595
0.003854 1.62532 -0.205655 0.367967 0.279902 -0.2571 0.1153 -0.9595
0.003838 0.3399 -0.360064 0.367967 0.221664 -0.2571 0.1153 -0.9595
-0.10747 1.62532 -0.175826 0.426205 0.279902 -0.2571 0.1153 -0.9595
-0.10747 1.62532 -0.175826 0.429057 0.279902 -0.7024 0.1153 -0.7024
-0.18469 0.3399 -0.309549 0.429057 0.221664 -0.7024 0.1153 -0.7024
-0.188966 1.62532 -0.094331 0.487295 0.279902 -0.7024 0.1153 -0.7024
-0.188966 1.62532 -0.094331 0.529817 0.242935 -0.9595 0.1153 -0.2571
-0.322704 0.3399 -0.171536 0.529817 0.184696 -0.9595 0.1153 -0.2571
-0.218795 1.62532 0.016993 0.588055 0.242935 -0.9595 0.1153 -0.2571
-0.37322 0.3399 0.016993 0.590908 0.184696 -0.9595 0.1153 0.2571
-0.322704 0.3399 0.205522 0.649146 0.184696 -0.9595 0.1153 0.2571
-0.218795 1.62532 0.016993 0.590908 0.242935 -0.9595 0.1153 0.2571
-0.188966 1.62532 0.128318 0.651998 0.184696 -0.6838 -0.2548 0.6838
-0.10747 1.62532 0.209813 0.710236 0.184696 -0.6838 -0.2548 0.6838
-0.229454 1.79672 0.151696 0.651998 0.242935 -0.6838 -0.2548 0.6838
-0.10747 1.62532 0.209813 0.713088 0.184696 -0.2503 -0.2548 0.934
0.003854 1.62532 0.239642 0.771326 0.184696 -0.2503 -0.2548 0.934
-0.130844 1.79672 0.250305 0.713088 0.242935 -0.2503 -0.2548 0.934
0.003854 1.62532 0.239642 0.75712 0.940336 0.2503 -0.2548 0.934
0.115179 1.62532 0.209813 0.815358 0.940336 0.2503 -0.2548 0.934
0.003857 1.79672 0.286398 0.75712 0.998574 0.2503 -0.2548 0.934
0.115179 1.62532 0.209813 0.75712 0.879246 0.6838 -0.2548 0.6838
0.196674 1.62532 0.128318 0.815358 0.879246 0.6838 -0.2548 0.6838
0.138561 1.79672 0.250305 0.75712 0.937484 0.6838 -0.2548 0.6838
0.196674 1.62532 0.128318 0.75712 0.818156 0.934 -0.2548 0.2503
0.226503 1.62532 0.016994 0.815358 0.818156 0.934 -0.2548 0.2503
0.23717 1.79672 0.151696 0.75712 0.876394 0.934 -0.2548 0.2503
0.273263 1.79672 0.016994 0.75712 0.815304 0.934 -0.2548 -0.2503
0.226503 1.62532 0.016994 0.75712 0.757065 0.934 -0.2548 -0.2503
0.23717 1.79672 -0.117709 0.815358 0.815304 0.934 -0.2548 -0.2503
0.23717 1.79672 -0.117709 0.75712 0.754213 0.6838 -0.2548 -0.6838
0.196674 1.62532 -0.094331 0.75712 0.695975 0.6838 -0.2548 -0.6838
0.138561 1.79672 -0.216318 0.815358 0.754213 0.6838 -0.2548 -0.6838
0.138561 1.79672 -0.216318 0.75712 0.693123 0.2503 -0.2548 -0.934
0.115179 1.62532 -0.175826 0.75712 0.634885 0.2503 -0.2548 -0.934
0.003858 1.79672 -0.252412 0.815358 0.693123 0.2503 -0.2548 -0.934
0.003858 1.79672 -0.252412 0.75712 0.632033 -0.2503 -0.2548 -0.934
0.003854 1.62532 -0.205655 0.75712 0.573795 -0.2503 -0.2548 -0.934
-0.130844 1.79672 -0.216318 0.815358 0.632033 -0.2503 -0.2548 -0.934
-0.130844 1.79672 -0.216318 0.75712 0.570943 -0.6838 -0.2548 -0.6838
-0.10747 1.62532 -0.175826 0.75712 0.512705 -0.6838 -0.2548 -0.6838
-0.229454 1.79672 -0.117709 0.815358 0.570943 -0.6838 -0.2548 -0.6838
-0.229454 1.79672 -0.117709 0.774178 0.487295 -0.934 -0.2548 -0.2503
-0.188966 1.62532 -0.094331 0.774178 0.429057 -0.934 -0.2548 -0.2503
-0.265547 1.79672 0.016993 0.832416 0.487295 -0.934 -0.2548 -0.2503
-0.218795 1.62532 0.016993 0.774178 0.367967 -0.934 -0.2548 0.2503
-0.188966 1.62532 0.128318 0.832416 0.367967 -0.934 -0.2548 0.2503
-0.265547 1.79672 0.016993 0.774178 0.426205 -0.934 -0.2548 0.2503
-0.229454 1.79672 0.151696 0.989108 0.831645 -0 1 0
0.23717 1.79672 0.151696 0.940391 0.844699 -0 1 0
0.003858 1.79672 -0.252412 0.976054 0.880362 -0 1 0
0.302645 2.03852 -0.274987 0.774178 0.306877 -0.0865 0.0111 -0.9962
0.211468 2.03741 -0.267084 0.832416 0.306877 -0.0865 0.0111 -0.9962
0.301635 2.13003 -0.273881 0.774178 0.365115 -0.0865 0.0111 -0.9962
0.354036 2.03289 0.312182 0.774178 0.245787 0.0865 -0.0111 0.9962
0.353026 2.1244 0.313289 0.832416 0.245787 0.0865 -0.0111 0.9962
0.262859 2.03179 0.320086 0.774178 0.304025 0.0865 -0.0111 0.9962
0.211468 2.03741 -0.267084 0.774178 0.242935 0.0112 -0.9999 -0.0106
0.302645 2.03852 -0.274987 0.774178 0.184696 0.0112 -0.9999 -0.0106
0.262859 2.03179 0.320086 0.832416 0.242935 0.0112 -0.9999 -0.0106
0.353026 2.1244 0.313289 0.001426 0.218812 -0.0112 0.9999 0.0106
0.301635 2.13003 -0.273881 0.001426 0.160574 -0.0112 0.9999 0.0106
0.261848 2.1233 0.321192 0.059664 0.218812 -0.0112 0.9999 0.0106
0.302645 2.03852 -0.274987 0.062516 0.160574 0.9961 0.012 -0.0871
0.301635 2.13003 -0.273881 0.120754 0.160574 0.9961 0.012 -0.0871
0.354036 2.03289 0.312182 0.062516 0.218812 0.9961 0.012 -0.0871
0.211468 2.03741 -0.267084 0.123606 0.160574 -0.9961 -0.012 0.0871
0.262859 2.03179 0.320086 0.181844 0.160574 -0.9961 -0.012 0.0871
0.210458 2.12893 -0.265977 0.123606 0.218812 -0.9961 -0.012 0.0871
0.299616 2.03891 -0.309855 0.184696 0.160574 -0.0865 0.0111 -0.9962
0.208439 2.03781 -0.301952 0.242935 0.160574 -0.0865 0.0111 -0.9962
0.298606 2.13042 -0.308749 0.184696 0.218812 -0.0865 0.0111 -0.9962
0.216355 2.03679 -0.210774 0.245787 0.218812 0.0865 -0.0111 0.9962
0.307532 2.03789 -0.218678 0.245787 0.160574 0.0865 -0.0111 0.9962
0.215345 2.1283 -0.209668 0.304025 0.218812 0.0865 -0.0111 0.9962
0.299616 2.03891 -0.309855 0.306877 0.160574 0.011 -0.9999 -0.0121
0.307532 2.03789 -0.218678 0.365115 0.160574 0.011 -0.9999 -0.0121
0.208439 2.03781 -0.301952 0.306877 0.218812 0.011 -0.9999 -0.0121
0.306522 2.12941 -0.217571 0.367967 0.218812 -0.011 0.9999 0.0121
0.298606 2.13042 -0.308749 0.367967 0.160574 -0.011 0.9999 0.0121
0.215345 2.1283 -0.209668 0.426205 0.218812 -0.011 0.9999 0.0121
0.299616 2.03891 -0.309855 0.429057 0.160574 0.9962 0.012 -0.0864
0.298606 2.13042 -0.308749 0.487295 0.160574 0.9962 0.012 -0.0864
0.307532 2.03789 -0.218678 0.429057 0.218812 0.9962 0.012 -0.0864
0.207429 2.12932 -0.300845 0.529817 0.181844 -0.9962 -0.012 0.0864
0.208439 2.03781 -0.301952 0.529817 0.123606 -0.9962 -0.012 0.0864
0.215345 2.1283 -0.209668 0.588055 0.181844 -0.9962 -0.012 0.0864
-0.312518 2.03151 -0.256795 0.590908 0.123606 -0.9962 -0.012 0.0864
-0.304602 2.03049 -0.165617 0.649146 0.123606 -0.9962 -0.012 0.0864
-0.313528 2.12302 -0.255688 0.590908 0.181844 -0.9962 -0.012 0.0864
0.261946 2.03734 -0.214728 0.651998 0.181844 0.9962 0.012 -0.0864
0.25403 2.03835 -0.305905 0.651998 0.123606 0.9962 0.012 -0.0864
0.260936 2.12885 -0.213621 0.710236 0.181844 0.9962 0.012 -0.0864
-0.304602 2.03049 -0.165617 0.713088 0.181844 0.011 -0.9999 -0.0121
-0.312518 2.03151 -0.256795 0.713088 0.123606 0.011 -0.9999 -0.0121
0.261946 2.03734 -0.214728 0.771326 0.181844 0.011 -0.9999 -0.0121
-0.313528 2.12302 -0.255688 0.774178 0.123606 -0.011 0.9999 0.0121
-0.305612 2.12201 -0.16451 0.832416 0.123606 -0.011 0.9999 0.0121
0.25302 2.12987 -0.304799 0.774178 0.181844 -0.011 0.9999 0.0121
0.25403 2.03835 -0.305905 0.818211 0.998574 -0.0865 0.0111 -0.9962
-0.312518 2.03151 -0.256795 0.818211 0.940336 -0.0865 0.0111 -0.9962
0.25302 2.12987 -0.304799 0.876449 0.998574 -0.0865 0.0111 -0.9962
-0.305612 2.12201 -0.16451 0.818211 0.937484 0.0865 -0.0111 0.9962
-0.304602 2.03049 -0.165617 0.818211 0.879246 0.0865 -0.0111 0.9962
0.260936 2.12885 -0.213621 0.876449 0.937484 0.0865 -0.0111 0.9962
-0.348363 2.03108 -0.253684 0.818211 0.818156 -0.9962 -0.012 0.0864
-0.340447 2.03006 -0.162507 0.876449 0.818156 -0.9962 -0.012 0.0864
-0.349373 2.12259 -0.252577 0.818211 0.876394 -0.9962 -0.012 0.0864
-0.249269 2.03116 -0.170411 0.818211 0.815304 0.9962 0.012 -0.0864
-0.257185 2.03218 -0.261588 0.818211 0.757065 0.9962 0.012 -0.0864
-0.250279 2.12268 -0.169304 0.876449 0.815304 0.9962 0.012 -0.0864
-0.348363 2.03108 -0.253684 0.818211 0.695975 0.011 -0.9999 -0.0121
-0.257185 2.03218 -0.261588 0.876449 0.695975 0.011 -0.9999 -0.0121
-0.340447 2.03006 -0.162507 0.818211 0.754213 0.011 -0.9999 -0.0121
-0.258195 2.12369 -0.260481 0.818211 0.693123 -0.011 0.9999 0.0121
-0.349373 2.12259 -0.252577 0.818211 0.634885 -0.011 0.9999 0.0121
-0.250279 2.12268 -0.169304 0.876449 0.693123 -0.011 0.9999 0.0121
-0.348363 2.03108 -0.253684 0.818211 0.573795 -0.0865 0.0111 -0.9962
-0.349373 2.12259 -0.252577 0.876449 0.573795 -0.0865 0.0111 -0.9962
-0.257185 2.03218 -0.261588 0.818211 0.632033 -0.0865 0.0111 -0.9962
-0.341457 2.12158 -0.1614 0.818211 0.570943 0.0865 -0.0111 0.9962
-0.340447 2.03006 -0.162507 0.818211 0.512705 0.0865 -0.0111 0.9962
-0.250279 2.12268 -0.169304 0.876449 0.570943 0.0865 -0.0111 0.9962
-0.295157 2.02486 0.369917 0.835268 0.429057 0.0865 -0.0111 0.9962
-0.20398 2.02597 0.362013 0.893506 0.429057 0.0865 -0.0111 0.9962
-0.296167 2.11638 0.371024 0.835268 0.487295 0.0865 -0.0111 0.9962
-0.340449 2.03006 -0.162509 0.835268 0.367967 -0.0865 0.0111 -0.9962
-0.341459 2.12157 -0.161402 0.893506 0.367967 -0.0865 0.0111 -0.9962
-0.249271 2.03116 -0.170413 0.835268 0.426205 -0.0865 0.0111 -0.9962
-0.295157 2.02486 0.369917 0.835268 0.306877 0.0112 -0.9999 -0.0107
-0.340449 2.03006 -0.162509 0.893506 0.306877 0.0112 -0.9999 -0.0107
-0.20398 2.02597 0.362013 0.835268 0.365115 0.0112 -0.9999 -0.0107
-0.296167 2.11638 0.371024 0.835268 0.245787 -0.0112 0.9999 0.0107
-0.20499 2.11748 0.36312 0.893506 0.245787 -0.0112 0.9999 0.0107
-0.341459 2.12157 -0.161402 0.835268 0.304025 -0.0112 0.9999 0.0107
-0.340449 2.03006 -0.162509 0.835268 0.242935 -0.9963 -0.012 0.0846
-0.295157 2.02486 0.369917 0.835268 0.184696 -0.9963 -0.012 0.0846
-0.341459 2.12157 -0.161402 0.893506 0.242935 -0.9963 -0.012 0.0846
-0.20499 2.11748 0.36312 0.835268 0.181844 0.9963 0.012 -0.0846
-0.20398 2.02597 0.362013 0.835268 0.123606 0.9963 0.012 -0.0846
-0.250282 2.12267 -0.169306 0.893506 0.181844 0.9963 0.012 -0.0846
0.35249 2.03196 0.312634 0.001426 0.099483 0.9962 0.012 -0.0864
0.344574 2.03298 0.221456 0.059664 0.099483 0.9962 0.012 -0.0864
0.35148 2.12348 0.31374 0.001426 0.157721 0.9962 0.012 -0.0864
-0.29433 2.02414 0.368704 0.062516 0.099483 -0.9962 -0.012 0.0864
-0.29534 2.11566 0.369811 0.120754 0.099483 -0.9962 -0.012 0.0864
-0.302246 2.02516 0.277527 0.062516 0.157721 -0.9962 -0.012 0.0864
0.344574 2.03298 0.221456 0.123606 0.157721 0.011 -0.9999 -0.0121
0.35249 2.03196 0.312634 0.123606 0.099483 0.011 -0.9999 -0.0121
-0.302246 2.02516 0.277527 0.181844 0.157721 0.011 -0.9999 -0.0121
-0.29534 2.11566 0.369811 0.184696 0.157721 -0.011 0.9999 0.0121
0.35148 2.12348 0.31374 0.184696 0.099483 -0.011 0.9999 0.0121
-0.303256 2.11667 0.278634 0.242935 0.157721 -0.011 0.9999 0.0121
-0.29433 2.02414 0.368704 0.245787 0.157721 0.0865 -0.0111 0.9962
0.35249 2.03196 0.312634 0.245787 0.099483 0.0865 -0.0111 0.9962
-0.29534 2.11566 0.369811 0.304025 0.157721 0.0865 -0.0111 0.9962
0.344574 2.03298 0.221456 0.306877 0.099483 -0.0865 0.0111 -0.9962
-0.302246 2.02516 0.277527 0.365115 0.099483 -0.0865 0.0111 -0.9962
0.343564 2.12449 0.222563 0.306877 0.157721 -0.0865 0.0111 -0.9962
-0.301835 2.62436 0.376459 0.367967 0.157721 0.0865 -0.0097 0.9962
-0.296167 2.11638 0.371021 0.367967 0.099483 0.0865 -0.0097 0.9962
-0.210657 2.62546 0.368555 0.426205 0.157721 0.0865 -0.0097 0.9962
-0.304082 2.11727 0.279842 0.429057 0.099483 -0.0865 0.0097 -0.9962
-0.30975 2.62525 0.28528 0.487295 0.099483 -0.0865 0.0097 -0.9962
-0.212904 2.11837 0.271938 0.429057 0.157721 -0.0865 0.0097 -0.9962
-0.204989 2.11748 0.363117 0.529817 0.120754 0.0112 -0.9999 -0.0107
-0.296167 2.11638 0.371021 0.529817 0.062516 0.0112 -0.9999 -0.0107
-0.212904 2.11837 0.271938 0.588055 0.120754 0.0112 -0.9999 -0.0107
-0.30975 2.62525 0.28528 0.590908 0.120754 -0.0112 0.9999 0.0107
-0.301835 2.62436 0.376459 0.590908 0.062516 -0.0112 0.9999 0.0107
-0.218572 2.62635 0.277376 0.649146 0.120754 -0.0112 0.9999 0.0107
-0.304082 2.11727 0.279842 0.651998 0.120754 -0.9962 -0.012 0.0864
-0.296167 2.11638 0.371021 0.651998 0.062516 -0.9962 -0.012 0.0864
-0.30975 2.62525 0.28528 0.710236 0.120754 -0.9962 -0.012 0.0864
-0.204989 2.11748 0.363117 0.713088 0.062516 0.9962 0.012 -0.0864
-0.212904 2.11837 0.271938 0.771326 0.062516 0.9962 0.012 -0.0864
-0.210657 2.62546 0.368555 0.713088 0.120754 0.9962 0.012 -0.0864
-0.346693 2.59561 -0.155669 0.774178 0.120754 0.0865 -0.0111 0.9962
-0.34146 2.12157 -0.161401 0.774178 0.062516 0.0865 -0.0111 0.9962
-0.255516 2.59672 -0.163572 0.832416 0.120754 0.0865 -0.0111 0.9962
-0.258198 2.12369 -0.260482 0.835268 0.120754 -0.0865 0.0111 -0.9962
-0.349376 2.12259 -0.252579 0.835268 0.062516 -0.0865 0.0111 -0.9962
-0.263432 2.59773 -0.254749 0.893506 0.120754 -0.0865 0.0111 -0.9962
-0.250283 2.12267 -0.169305 0.879301 0.998574 0.011 -0.9999 -0.0121
-0.34146 2.12157 -0.161401 0.879301 0.940336 0.011 -0.9999 -0.0121
-0.258198 2.12369 -0.260482 0.937539 0.998574 0.011 -0.9999 -0.0121
-0.346693 2.59561 -0.155669 0.879301 0.879246 -0.011 0.9999 0.0121
-0.255516 2.59672 -0.163572 0.937539 0.879246 -0.011 0.9999 0.0121
-0.354609 2.59663 -0.246846 0.879301 0.937484 -0.011 0.9999 0.0121
-0.34146 2.12157 -0.161401 0.879301 0.818156 -0.9962 -0.012 0.0864
-0.346693 2.59561 -0.155669 0.937539 0.818156 -0.9962 -0.012 0.0864
-0.349376 2.12259 -0.252579 0.879301 0.876394 -0.9962 -0.012 0.0864
-0.250283 2.12267 -0.169305 0.879301 0.757065 0.9962 0.012 -0.0864
-0.258198 2.12369 -0.260482 0.937539 0.757065 0.9962 0.012 -0.0864
-0.255516 2.59672 -0.163572 0.879301 0.815304 0.9962 0.012 -0.0864
0.205391 2.60836 -0.295877 0.879301 0.754213 -0.9962 -0.0051 0.0864
0.207433 2.12932 -0.300843 0.879301 0.695975 -0.9962 -0.0051 0.0864
0.213308 2.60735 -0.204699 0.937539 0.754213 -0.9962 -0.0051 0.0864
0.306527 2.1294 -0.217569 0.879301 0.693123 0.9962 0.0051 -0.0864
0.298611 2.13042 -0.308747 0.879301 0.634885 0.9962 0.0051 -0.0864
0.304485 2.60845 -0.212604 0.937539 0.693123 0.9962 0.0051 -0.0864
0.207433 2.12932 -0.300843 0.879301 0.573795 0.011 -0.9999 -0.0121
0.298611 2.13042 -0.308747 0.937539 0.573795 0.011 -0.9999 -0.0121
0.215349 2.1283 -0.209666 0.879301 0.632033 0.011 -0.9999 -0.0121
0.296569 2.60946 -0.303781 0.879301 0.570943 -0.011 0.9999 0.0121
0.205391 2.60836 -0.295877 0.879301 0.512705 -0.011 0.9999 0.0121
0.304485 2.60845 -0.212604 0.937539 0.570943 -0.011 0.9999 0.0121
0.207433 2.12932 -0.300843 0.896358 0.429057 -0.0865 0.01 -0.9962
0.205391 2.60836 -0.295877 0.954596 0.429057 -0.0865 0.01 -0.9962
0.298611 2.13042 -0.308747 0.896358 0.487295 -0.0865 0.01 -0.9962
0.215349 2.1283 -0.209666 0.896358 0.367967 0.0865 -0.01 0.9962
0.306527 2.1294 -0.217569 0.954596 0.367967 0.0865 -0.01 0.9962
0.213308 2.60735 -0.204699 0.896358 0.426205 0.0865 -0.01 0.9962
0.3445 2.61693 0.222422 0.896358 0.365115 -0.0845 0.0002 -0.9964
0.343566 2.12449 0.222564 0.896358 0.306877 -0.0845 -0.0005 -0.9964
0.248086 2.61576 0.230779 0.954596 0.365115 -0.0845 0.0002 -0.9964
0.26185 2.1233 0.321191 0.896358 0.304025 0.0864 -0.0005 0.9963
0.353027 2.1244 0.313287 0.896358 0.245787 0.0864 -0.0005 0.9963
0.256 2.61489 0.321958 0.954596 0.304025 0.0864 -0.0005 0.9963
0.253936 2.12418 0.230012 0.896358 0.242935 0.0072 -1 -0.006
0.343566 2.12449 0.222564 0.896358 0.184696 0.0039 -1 -0.0041
0.26185 2.1233 0.321191 0.954596 0.242935 0.0086 -0.9999 -0.0096
0.352414 2.61605 0.313601 0.896358 0.181844 -0.0112 0.9999 0.0106
0.3445 2.61693 0.222422 0.896358 0.123606 -0.0112 0.9999 0.0106
0.256 2.61489 0.321958 0.954596 0.181844 -0.0112 0.9999 0.0106
0.343566 2.12449 0.222564 0.397719 0.660574 0.9963 -0.0019 -0.0865
0.3445 2.61693 0.222422 0.4389 0.701754 0.9963 -0.0019 -0.0865
0.352414 2.61605 0.313601 0.397719 0.742935 0.9963 -0.0019 -0.0865
0.248086 2.61576 0.230779 0.896358 0.120754 -0.9962 -0.012 0.0864
0.253936 2.12418 0.230012 0.896358 0.062516 -0.9962 -0.012 0.0864
0.256 2.61489 0.321958 0.954596 0.120754 -0.9962 -0.012 0.0864
0.352414 2.61605 0.313601 0.397719 0.57536 0.9946 0.0013 -0.1037
0.353027 2.1244 0.313287 0.4389 0.616541 0.9946 0.0013 -0.1037
0.343566 2.12449 0.222564 0.39772 0.657721 0.9946 0.0013 -0.1037
0.399257 2.59361 0.363942 0.001426 0.038393 0.9962 0.012 -0.0864
0.33593 2.60173 -0.365478 0.059664 0.038393 0.9962 0.012 -0.0864
0.398383 2.67282 0.364899 0.001426 0.096631 0.9962 0.012 -0.0864
-0.330163 2.5848 0.427171 0.062516 0.038393 -0.9962 -0.012 0.0864
-0.331037 2.66401 0.428128 0.120754 0.038393 -0.9962 -0.012 0.0864
-0.393489 2.59292 -0.302249 0.062516 0.096631 -0.9962 -0.012 0.0864
0.33593 2.60173 -0.365478 0.123606 0.096631 0.011 -0.9999 -0.0121
0.399257 2.59361 0.363942 0.123606 0.038393 0.011 -0.9999 -0.0121
-0.393489 2.59292 -0.302249 0.181844 0.096631 0.011 -0.9999 -0.0121
-0.331037 2.66401 0.428128 0.184696 0.096631 -0.011 0.9999 0.0121
0.398383 2.67282 0.364899 0.184696 0.038393 -0.011 0.9999 0.0121
-0.394363 2.67213 -0.301291 0.242935 0.096631 -0.011 0.9999 0.0121
-0.330163 2.5848 0.427171 0.245787 0.096631 0.0865 -0.0111 0.9962
0.399257 2.59361 0.363942 0.245787 0.038393 0.0865 -0.0111 0.9962
-0.331037 2.66401 0.428128 0.304025 0.096631 0.0865 -0.0111 0.9962
0.335057 2.68094 -0.36452 0.306877 0.096631 -0.0865 0.0111 -0.9962
0.33593 2.60173 -0.365478 0.306877 0.038393 -0.0865 0.0111 -0.9962
-0.394363 2.67213 -0.301291 0.365115 0.096631 -0.0865 0.0111 -0.9962
0.335058 2.68094 -0.36452 0.441752 0.916213 0.0523 -0.8748 0.4817
-0.394362 2.67213 -0.301292 0.482933 0.957393 0.0523 -0.8748 0.4817
0.394608 2.65174 -0.424028 0.441752 0.998574 0.0523 -0.8748 0.4817
0.398384 2.67282 0.364899 0.441752 0.831 -0.0616 -0.6036 -0.7949
-0.371486 2.61481 0.468621 0.482933 0.87218 -0.0616 -0.6036 -0.7949
-0.331035 2.66401 0.428127 0.441752 0.913361 -0.0616 -0.6036 -0.7949
-0.394362 2.67213 -0.301292 0.367967 0.096631 0.011 -0.9999 -0.0121
0.335058 2.68094 -0.36452 0.367967 0.038393 0.011 -0.9999 -0.0121
-0.331035 2.66401 0.428127 0.426205 0.096631 0.011 -0.9999 -0.0121
0.394608 2.65174 -0.424028 0.441752 0.745787 -0.0733 0.6518 -0.7548
-0.327998 2.77986 -0.243222 0.482933 0.786967 -0.0733 0.6518 -0.7548
0.27711 2.78717 -0.295674 0.441752 0.828148 -0.0733 0.6518 -0.7548
0.335058 2.68094 -0.36452 0.441752 0.660573 -0.5137 -0.8573 0.0351
0.467935 2.63362 0.425393 0.482933 0.701754 -0.5137 -0.8573 0.0351
0.398384 2.67282 0.364899 0.441752 0.742935 -0.5137 -0.8573 0.0351
-0.394362 2.67213 -0.301292 0.441752 0.57536 0.7407 -0.668 -0.0717
-0.331035 2.66401 0.428127 0.482933 0.616541 0.7407 -0.668 -0.0717
-0.371486 2.61481 0.468621 0.441752 0.657721 0.7407 -0.668 -0.0717
-0.371486 2.61481 0.468621 0.001426 0.490147 -0.8282 0.555 0.0781
-0.275464 2.77312 0.361885 0.042607 0.531328 -0.8282 0.555 0.0781
-0.327998 2.77986 -0.243222 0.001426 0.572508 -0.8282 0.555 0.0781
-0.371486 2.61481 0.468621 0.045459 0.490147 0.0669 0.5295 0.8456
0.329644 2.78043 0.309433 0.086639 0.531328 0.0669 0.5295 0.8456
-0.275464 2.77312 0.361885 0.045459 0.572508 0.0669 0.5295 0.8456
0.467935 2.63362 0.425393 0.089491 0.490147 0.749 0.66 -0.0577
0.27711 2.78717 -0.295674 0.130672 0.531328 0.749 0.66 -0.0577
0.329644 2.78043 0.309433 0.089491 0.572508 0.749 0.66 -0.0577
0.104618 2.98346 -0.090617 0.429057 0.038393 -0.011 0.9999 0.0121
-0.127555 2.98065 -0.070492 0.487295 0.038393 -0.011 0.9999 0.0121
0.124774 2.98087 0.141554 0.429057 0.096631 -0.011 0.9999 0.0121
0.207012 2.82585 -0.211977 0.133524 0.490147 0.7875 0.6128 -0.0664
0.176965 2.90718 0.182441 0.174704 0.531328 0.7875 0.6128 -0.0664
0.246256 2.82445 0.240731 0.133524 0.572508 0.7875 0.6128 -0.0664
-0.238707 2.82113 -0.179053 0.177556 0.490147 -0.08 0.6417 -0.7628
-0.177827 2.90116 -0.118114 0.218737 0.531328 -0.08 0.6417 -0.7628
0.149598 2.90966 -0.14531 0.177556 0.572508 -0.08 0.6417 -0.7628
-0.148839 2.8988 0.211973 0.221589 0.490147 -0.8207 0.5663 0.0761
-0.177827 2.90116 -0.118114 0.26277 0.531328 -0.8207 0.5663 0.0761
-0.238707 2.82113 -0.179053 0.221589 0.572508 -0.8207 0.5663 0.0761
0.124774 2.98087 0.141554 0.265622 0.490147 0.0682 0.5088 0.8582
-0.107398 2.97807 0.16168 0.306802 0.531328 0.0682 0.5088 0.8582
-0.148839 2.8988 0.211973 0.265622 0.572508 0.0682 0.5088 0.8582
0.27711 2.78717 -0.295674 0.309654 0.490147 0.4556 0.8897 -0.0296
0.207012 2.82585 -0.211977 0.350835 0.531328 0.4556 0.8897 -0.0296
0.329644 2.78043 0.309433 0.309654 0.572508 0.4556 0.8897 -0.0296
0.104618 2.98346 -0.090617 0.353687 0.490147 0.8312 0.5521 -0.066
0.124774 2.98087 0.141554 0.394867 0.531328 0.8312 0.5521 -0.066
0.176965 2.90718 0.182441 0.353687 0.572508 0.8312 0.5521 -0.066
-0.177827 2.90116 -0.118114 0.397719 0.490147 -0.0788 0.5485 -0.8324
-0.127555 2.98065 -0.070492 0.4389 0.531328 -0.0788 0.5485 -0.8324
0.104618 2.98346 -0.090617 0.397719 0.572508 -0.0788 0.5485 -0.8324
-0.327998 2.77986 -0.243222 0.441752 0.490147 -0.0528 0.8717 -0.4872
-0.238707 2.82113 -0.179053 0.482933 0.531328 -0.0528 0.8717 -0.4872
0.27711 2.78717 -0.295674 0.441752 0.572508 -0.0528 0.8717 -0.4872
-0.275464 2.77312 0.361885 0.485785 0.916213 -0.4478 0.8928 0.0488
-0.238707 2.82113 -0.179053 0.526965 0.957393 -0.4478 0.8928 0.0488
-0.327998 2.77986 -0.243222 0.485785 0.998574 -0.4478 0.8928 0.0488
-0.107398 2.97807 0.16168 0.485785 0.831 -0.8635 0.4979 0.0805
-0.127555 2.98065 -0.070492 0.526965 0.87218 -0.8635 0.4979 0.0805
-0.177827 2.90116 -0.118114 0.485785 0.913361 -0.8635 0.4979 0.0805
0.329644 2.78043 0.309433 0.485785 0.745787 0.0318 0.8722 0.4881
-0.199462 2.81973 0.273654 0.526965 0.786967 0.0318 0.8722 0.4881
-0.275464 2.77312 0.361885 0.485785 0.828148 0.0318 0.8722 0.4881
-0.199462 2.81973 0.273654 0.485785 0.660574 0.0523 0.6041 0.7952
0.246256 2.82445 0.240731 0.526965 0.701754 0.0523 0.6041 0.7952
0.176965 2.90718 0.182441 0.485785 0.742935 0.0523 0.6041 0.7952
0.329644 2.78043 0.309433 0.485785 0.57536 0.0289 0.8572 0.5141
0.246256 2.82445 0.240731 0.526965 0.616541 0.0289 0.8572 0.5141
-0.199462 2.81973 0.273654 0.485785 0.657721 0.0289 0.8572 0.5141
0.149598 2.90966 -0.14531 0.485785 0.490147 -0.0655 0.5933 -0.8023
0.207012 2.82585 -0.211977 0.526965 0.531328 -0.0655 0.5933 -0.8023
-0.238707 2.82113 -0.179053 0.485785 0.572508 -0.0655 0.5933 -0.8023
-0.238707 2.82113 -0.179053 0.529817 0.916213 -0.0426 0.8929 -0.4483
0.207012 2.82585 -0.211977 0.570998 0.957393 -0.0426 0.8929 -0.4483
0.27711 2.78717 -0.295674 0.529817 0.998574 -0.0426 0.8929 -0.4483
0.207012 2.82585 -0.211977 0.529817 0.831 0.492 0.8697 -0.04
0.246256 2.82445 0.240731 0.570998 0.87218 0.492 0.8697 -0.04
0.329644 2.78043 0.309433 0.529817 0.913361 0.492 0.8697 -0.04
-0.238707 2.82113 -0.179053 0.529817 0.745787 -0.8134 0.5772 0.0723
-0.199462 2.81973 0.273654 0.570998 0.786967 -0.8134 0.5772 0.0723
-0.148839 2.8988 0.211973 0.529817 0.828148 -0.8134 0.5772 0.0723
-0.148839 2.8988 0.211973 0.529817 0.660574 0.0577 0.5908 0.8048
-0.199462 2.81973 0.273654 0.570998 0.701754 0.0577 0.5908 0.8048
0.176965 2.90718 0.182441 0.529817 0.742935 0.0577 0.5908 0.8048
-0.275464 2.77312 0.361885 0.529817 0.57536 -0.484 0.8739 0.0447
-0.199462 2.81973 0.273654 0.570998 0.616541 -0.484 0.8739 0.0447
-0.238707 2.82113 -0.179053 0.529817 0.657721 -0.484 0.8739 0.0447
0.207012 2.82585 -0.211977 0.529817 0.490147 0.7996 0.5973 -0.0623
0.149598 2.90966 -0.14531 0.570998 0.531328 0.7996 0.5973 -0.0623
0.176965 2.90718 0.182441 0.529817 0.572508 0.7996 0.5973 -0.0623
0.176965 2.90718 0.182441 0.001426 0.404934 0.8299 0.5541 -0.0651
0.149598 2.90966 -0.14531 0.042607 0.446115 0.8299 0.5541 -0.0651
0.104618 2.98346 -0.090617 0.001426 0.487295 0.8299 0.5541 -0.0651
0.104618 2.98346 -0.090617 0.045459 0.404934 -0.083 0.5602 -0.8242
0.149598 2.90966 -0.14531 0.086639 0.446115 -0.083 0.5602 -0.8242
-0.177827 2.90116 -0.118114 0.045459 0.487295 -0.083 0.5602 -0.8242
-0.148839 2.8988 0.211973 0.089491 0.404934 0.064 0.5184 0.8527
0.176965 2.90718 0.182441 0.130672 0.446115 0.064 0.5184 0.8527
0.124774 2.98087 0.141554 0.089491 0.487295 0.064 0.5184 0.8527
-0.177827 2.90116 -0.118114 0.133524 0.404934 -0.8619 0.5009 0.0793
-0.148839 2.8988 0.211973 0.174704 0.446115 -0.8619 0.5009 0.0793
-0.107398 2.97807 0.16168 0.133524 0.487295 -0.8619 0.5009 0.0793
-0.394362 2.67213 -0.301292 0.177556 0.404934 0.0569 -0.8593 0.5083
-0.454812 2.63293 -0.360799 0.218737 0.446115 0.0569 -0.8593 0.5083
0.394608 2.65174 -0.424028 0.177556 0.487295 0.0569 -0.8593 0.5083
0.394608 2.65174 -0.424028 0.221589 0.404934 -0.0703 0.6595 -0.7484
-0.454812 2.63293 -0.360799 0.26277 0.446115 -0.0703 0.6595 -0.7484
-0.327998 2.77986 -0.243222 0.221589 0.487295 -0.0703 0.6595 -0.7484
-0.371486 2.61481 0.468621 0.265622 0.404934 0.5949 -0.8001 -0.0772
-0.454812 2.63293 -0.360799 0.306802 0.446115 0.5949 -0.8001 -0.0772
-0.394362 2.67213 -0.301292 0.265622 0.487295 0.5949 -0.8001 -0.0772
-0.327998 2.77986 -0.243222 0.309654 0.404934 -0.7892 0.6071 0.0926
-0.454812 2.63293 -0.360799 0.350835 0.446115 -0.7892 0.6071 0.0926
-0.371486 2.61481 0.468621 0.309654 0.487295 -0.7892 0.6071 0.0926
0.335058 2.68094 -0.36452 0.353687 0.404934 -0.4261 -0.9045 0.0175
0.394608 2.65174 -0.424028 0.394867 0.446115 -0.4261 -0.9045 0.0175
0.467935 2.63362 0.425393 0.353687 0.487295 -0.4261 -0.9045 0.0175
0.467935 2.63362 0.425393 0.397719 0.404934 0.7312 0.6804 -0.0486
0.394608 2.65174 -0.424028 0.4389 0.446115 0.7312 0.6804 -0.0486
0.27711 2.78717 -0.295674 0.397719 0.487295 0.7312 0.6804 -0.0486
0.398384 2.67282 0.364899 0.441752 0.404934 -0.0087 -0.8437 -0.5367
0.467935 2.63362 0.425393 0.482933 0.446115 -0.0087 -0.8437 -0.5367
-0.371486 2.61481 0.468621 0.441752 0.487295 -0.0087 -0.8437 -0.5367
-0.371486 2.61481 0.468621 0.485785 0.404934 0.0256 0.6343 0.7726
0.467935 2.63362 0.425393 0.526965 0.446115 0.0256 0.6343 0.7726
0.329644 2.78043 0.309433 0.485785 0.487295 0.0256 0.6343 0.7726
0.220517 3.03403 -0.228537 0.529817 0.059664 -0.0865 0.0111 -0.9962
0.221116 2.97453 -0.229252 0.529817 0.00142598 -0.0865 0.0111 -0.9962
-0.266548 3.02862 -0.186311 0.588055 0.059664 -0.0865 0.0111 -0.9962
-0.223663 2.9637 0.300034 0.590908 0.059664 0.0865 -0.0111 0.9962
0.263402 2.96911 0.257808 0.590908 0.00142598 0.0865 -0.0111 0.9962
-0.224262 3.0232 0.300748 0.649146 0.059664 0.0865 -0.0111 0.9962
0.221116 2.97453 -0.229252 0.651998 0.00142598 0.0101 -0.9999 -0.012
0.263402 2.96911 0.257808 0.710236 0.00142598 0.0101 -0.9999 -0.012
-0.265949 2.96912 -0.187026 0.651998 0.059664 0.0101 -0.9999 -0.012
0.262803 3.02861 0.258523 0.713088 0.059664 -0.0101 0.9999 0.012
0.220517 3.03403 -0.228537 0.713088 0.00142598 -0.0101 0.9999 0.012
-0.224262 3.0232 0.300748 0.771326 0.059664 -0.0101 0.9999 0.012
0.221116 2.97453 -0.229252 0.774178 0.00142598 0.9962 0.0111 -0.0864
0.220517 3.03403 -0.228537 0.832416 0.00142598 0.9962 0.0111 -0.0864
0.263402 2.96911 0.257808 0.774178 0.059664 0.9962 0.0111 -0.0864
-0.266548 3.02862 -0.186311 0.835268 0.059664 -0.9962 -0.0111 0.0864
-0.265949 2.96912 -0.187026 0.835268 0.00142598 -0.9962 -0.0111 0.0864
-0.224262 3.0232 0.300748 0.893506 0.059664 -0.9962 -0.0111 0.0864
-0.424438 2.0247 -0.346922 0.588055 0.429057 -0.0861 -0.02 -0.9961
0.384052 2.03447 -0.417005 0.588055 0.487295 -0.0861 -0.02 -0.9961
0.380941 1.87192 -0.413465 0.529817 0.487295 -0.0861 -0.02 -0.9961
0.451133 1.86292 0.395024 0.588055 0.367967 0.0861 0.02 0.9961
0.454245 2.02547 0.391484 0.588055 0.426205 0.0861 0.02 0.9961
-0.354246 2.0157 0.461568 0.529817 0.426205 0.0861 0.02 0.9961
-0.427549 1.86216 -0.343381 0.57385 0.940336 -0.996 0.021 0.0867
-0.357356 1.85316 0.465108 0.632088 0.940336 -0.996 0.021 0.0867
-0.354246 2.0157 0.461568 0.632088 0.998574 -0.996 0.021 0.0867
0.380941 1.87192 -0.413465 0.57385 0.879246 0.996 -0.021 -0.0867
0.384052 2.03447 -0.417005 0.632088 0.879246 0.996 -0.021 -0.0867
0.454245 2.02547 0.391484 0.632088 0.937484 0.996 -0.021 -0.0867
0.380941 1.87192 -0.413465 0.632088 0.818156 0.011 -0.9999 -0.0121
0.451133 1.86292 0.395024 0.632088 0.876394 0.011 -0.9999 -0.0121
-0.357356 1.85316 0.465108 0.57385 0.876394 0.011 -0.9999 -0.0121
-0.354246 2.0157 0.461568 0.632088 0.757065 -0.011 0.9999 0.0121
0.454245 2.02547 0.391484 0.632088 0.815304 -0.011 0.9999 0.0121
0.384052 2.03447 -0.417005 0.57385 0.815304 -0.011 0.9999 0.0121
-0.183977 1.85757 0.258791 0.57385 0.695975 -0.8195 -0.016 0.5729
-0.274247 1.85813 0.12968 0.632088 0.695975 -0.8195 -0.016 0.5729
-0.2735 1.79051 0.128862 0.632088 0.754213 -0.8195 -0.016 0.5729
-0.274247 1.85813 0.12968 0.57385 0.634885 -0.9962 -0.012 0.0864
-0.287872 1.85988 -0.02726 0.632088 0.634885 -0.9962 -0.012 0.0864
-0.287126 1.79226 -0.028077 0.632088 0.693123 -0.9962 -0.012 0.0864
-0.287872 1.85988 -0.02726 0.57385 0.573795 -0.906 -0.0049 -0.4233
-0.221202 1.86234 -0.169975 0.632088 0.573795 -0.906 -0.0049 -0.4233
-0.220456 1.79472 -0.170793 0.632088 0.632033 -0.906 -0.0049 -0.4233
-0.092101 1.86486 -0.260226 0.632088 0.512705 -0.573 0.0036 -0.8196
-0.091355 1.79723 -0.261044 0.632088 0.570943 -0.573 0.0036 -0.8196
-0.220456 1.79472 -0.170793 0.57385 0.570943 -0.573 0.0036 -0.8196
-0.092101 1.86486 -0.260226 0.590908 0.429057 -0.0865 0.0111 -0.9962
0.064838 1.86675 -0.273831 0.649146 0.429057 -0.0865 0.0111 -0.9962
0.065584 1.79913 -0.274648 0.649146 0.487295 -0.0865 0.0111 -0.9962
0.064838 1.86675 -0.273831 0.590908 0.367967 0.4232 0.0156 -0.9059
0.207565 1.86752 -0.207143 0.649146 0.367967 0.4232 0.0156 -0.9059
0.208311 1.7999 -0.20796 0.649146 0.426205 0.4232 0.0156 -0.9059
0.207565 1.86752 -0.207143 0.001426 0.343844 0.8195 0.016 -0.5729
0.297834 1.86696 -0.078031 0.059664 0.343844 0.8195 0.016 -0.5729
0.29858 1.79933 -0.078849 0.059664 0.402082 0.8195 0.016 -0.5729
0.311459 1.86521 0.078908 0.120754 0.343844 0.9962 0.012 -0.0864
0.312205 1.79759 0.07809 0.120754 0.402082 0.9962 0.012 -0.0864
0.29858 1.79933 -0.078849 0.062516 0.402082 0.9962 0.012 -0.0864
0.311459 1.86521 0.078908 0.123606 0.343844 0.906 0.0049 0.4233
0.244789 1.86275 0.221624 0.181844 0.343844 0.906 0.0049 0.4233
0.245535 1.79512 0.220806 0.181844 0.402082 0.906 0.0049 0.4233
0.115689 1.86023 0.311875 0.242935 0.343844 0.573 -0.0036 0.8195
0.116435 1.79261 0.311057 0.242935 0.402082 0.573 -0.0036 0.8195
0.245535 1.79512 0.220806 0.184696 0.402082 0.573 -0.0036 0.8195
-0.041251 1.85833 0.325479 0.304025 0.343844 0.0865 -0.0111 0.9962
-0.040505 1.79071 0.324661 0.304025 0.402082 0.0865 -0.0111 0.9962
0.116435 1.79261 0.311057 0.245787 0.402082 0.0865 -0.0111 0.9962
-0.183977 1.85757 0.258791 0.365115 0.343844 -0.4232 -0.0156 0.9059
-0.183231 1.78994 0.257973 0.365115 0.402082 -0.4232 -0.0156 0.9059
-0.040505 1.79071 0.324661 0.306877 0.402082 -0.4232 -0.0156 0.9059
-0.274247 1.85813 0.12968 0.952612 0.039074 -0.011 0.9999 0.0121
-0.183977 1.85757 0.258791 0.952612 0.024001 -0.011 0.9999 0.0121
-0.041251 1.85833 0.325479 0.945075 0.010947 -0.011 0.9999 0.0121
-0.221202 1.86234 -0.169975 0.932022 0.059664 -0.011 0.9999 0.0121
-0.287872 1.85988 -0.02726 0.945075 0.052127 -0.011 0.9999 0.0121
-0.274247 1.85813 0.12968 0.952612 0.039074 -0.011 0.9999 0.0121
0.064838 1.86675 -0.273831 0.903895 0.052127 -0.011 0.9999 0.0121
-0.092101 1.86486 -0.260226 0.916948 0.059664 -0.011 0.9999 0.0121
-0.221202 1.86234 -0.169975 0.932022 0.059664 -0.011 0.9999 0.0121
0.297834 1.86696 -0.078031 0.896358 0.024001 -0.011 0.9999 0.0121
0.207565 1.86752 -0.207143 0.896358 0.039074 -0.011 0.9999 0.0121
0.064838 1.86675 -0.273831 0.903895 0.052127 -0.011 0.9999 0.0121
0.244789 1.86275 0.221624 0.916948 0.00340998 -0.011 0.9999 0.0121
0.311459 1.86521 0.078908 0.903895 0.010947 -0.011 0.9999 0.0121
0.297834 1.86696 -0.078031 0.896358 0.024001 -0.011 0.9999 0.0121
-0.041251 1.85833 0.325479 0.945075 0.010947 -0.011 0.9999 0.0121
0.115689 1.86023 0.311875 0.932022 0.00340998 -0.011 0.9999 0.0121
0.244789 1.86275 0.221624 0.916948 0.00340998 -0.011 0.9999 0.0121
-0.221202 1.86234 -0.169975 0.932022 0.059664 -0.011 0.9999 0.0121
-0.274247 1.85813 0.12968 0.952612 0.039074 -0.011 0.9999 0.0121
-0.041251 1.85833 0.325479 0.945075 0.010947 -0.011 0.9999 0.0121
0.297834 1.86696 -0.078031 0.896358 0.024001 -0.011 0.9999 0.0121
0.064838 1.86675 -0.273831 0.903895 0.052127 -0.011 0.9999 0.0121
-0.221202 1.86234 -0.169975 0.932022 0.059664 -0.011 0.9999 0.0121
-0.041251 1.85833 0.325479 0.945075 0.010947 -0.011 0.9999 0.0121
0.244789 1.86275 0.221624 0.916948 0.00340998 -0.011 0.9999 0.0121
0.297834 1.86696 -0.078031 0.896358 0.024001 -0.011 0.9999 0.0121
0.116435 1.79261 0.311057 0.996645 0.977984 0.011 -0.9999 -0.0121
-0.040505 1.79071 0.324661 0.996645 0.962911 0.011 -0.9999 -0.0121
-0.183231 1.78994 0.257973 0.989108 0.949857 0.011 -0.9999 -0.0121
0.312205 1.79759 0.07809 0.976054 0.998574 0.011 -0.9999 -0.0121
0.245535 1.79512 0.220806 0.989108 0.991037 0.011 -0.9999 -0.0121
0.116435 1.79261 0.311057 0.996645 0.977984 0.011 -0.9999 -0.0121
0.208311 1.7999 -0.20796 0.947928 0.991037 0.011 -0.9999 -0.0121
0.29858 1.79933 -0.078849 0.960981 0.998574 0.011 -0.9999 -0.0121
0.312205 1.79759 0.07809 0.976054 0.998574 0.011 -0.9999 -0.0121
-0.091355 1.79723 -0.261044 0.940391 0.962911 0.011 -0.9999 -0.0121
0.065584 1.79913 -0.274648 0.940391 0.977984 0.011 -0.9999 -0.0121
0.208311 1.7999 -0.20796 0.947928 0.991037 0.011 -0.9999 -0.0121
-0.287126 1.79226 -0.028077 0.960981 0.94232 0.011 -0.9999 -0.0121
-0.220456 1.79472 -0.170793 0.947928 0.949857 0.011 -0.9999 -0.0121
-0.091355 1.79723 -0.261044 0.940391 0.962911 0.011 -0.9999 -0.0121
-0.183231 1.78994 0.257973 0.989108 0.949857 0.011 -0.9999 -0.0121
-0.2735 1.79051 0.128862 0.976054 0.94232 0.011 -0.9999 -0.0121
-0.287126 1.79226 -0.028077 0.960981 0.94232 0.011 -0.9999 -0.0121
0.312205 1.79759 0.07809 0.976054 0.998574 0.011 -0.9999 -0.0121
0.116435 1.79261 0.311057 0.996645 0.977984 0.011 -0.9999 -0.0121
-0.183231 1.78994 0.257973 0.989108 0.949857 0.011 -0.9999 -0.0121
-0.091355 1.79723 -0.261044 0.940391 0.962911 0.011 -0.9999 -0.0121
0.208311 1.7999 -0.20796 0.947928 0.991037 0.011 -0.9999 -0.0121
0.312205 1.79759 0.07809 0.976054 0.998574 0.011 -0.9999 -0.0121
-0.183231 1.78994 0.257973 0.989108 0.949857 0.011 -0.9999 -0.0121
-0.287126 1.79226 -0.028077 0.960981 0.94232 0.011 -0.9999 -0.0121
-0.091355 1.79723 -0.261044 0.940391 0.962911 0.011 -0.9999 -0.0121
-0.167551 -0.00288 0.313849 0.996645 0.918878 -0 -1 0
-0.293018 -0.00288 0.188383 0.996645 0.903805 -0 -1 0
-0.338941 -0.00288 0.016993 0.989108 0.890751 -0 -1 0
0.175229 -0.00288 0.313849 0.976054 0.939468 -0 -1 0
0.003839 -0.00288 0.359773 0.989108 0.931932 -0 -1 0
-0.167551 -0.00288 0.313849 0.996645 0.918878 -0 -1 0
0.346619 -0.00288 0.016993 0.947928 0.931932 -0 -1 0
0.300695 -0.00288 0.188383 0.960981 0.939468 -0 -1 0
0.175229 -0.00288 0.313849 0.976054 0.939468 -0 -1 0
0.175229 -0.00288 -0.279863 0.940391 0.903805 -0 -1 0
0.300695 -0.00288 -0.154397 0.940391 0.918878 -0 -1 0
0.346619 -0.00288 0.016993 0.947928 0.931932 -0 -1 0
-0.167551 -0.002881 -0.279863 0.960981 0.883215 -0 -1 0
0.003839 -0.00288 -0.325787 0.947928 0.890751 -0 -1 0
0.175229 -0.00288 -0.279863 0.940391 0.903805 -0 -1 0
-0.338941 -0.00288 0.016993 0.989108 0.890751 -0 -1 0
-0.293017 -0.002881 -0.154397 0.976054 0.883215 -0 -1 0
-0.167551 -0.002881 -0.279863 0.960981 0.883215 -0 -1 0
0.175229 -0.00288 0.313849 0.976054 0.939468 -0 -1 0
-0.167551 -0.00288 0.313849 0.996645 0.918878 -0 -1 0
-0.338941 -0.00288 0.016993 0.989108 0.890751 -0 -1 0
0.175229 -0.00288 -0.279863 0.940391 0.903805 -0 -1 0
0.346619 -0.00288 0.016993 0.947928 0.931932 -0 -1 0
0.175229 -0.00288 0.313849 0.976054 0.939468 -0 -1 0
-0.338941 -0.00288 0.016993 0.989108 0.890751 -0 -1 0
-0.167551 -0.002881 -0.279863 0.960981 0.883215 -0 -1 0
0.175229 -0.00288 -0.279863 0.940391 0.903805 -0 -1 0
-0.293018 0.16851 0.188383 0.367967 0.343844 -0.7071 -0 0.7071
-0.167551 0.16851 0.313849 0.426205 0.343844 -0.7071 -0 0.7071
-0.167551 0.254205 0.313849 0.426205 0.402082 -0.7071 -0 0.7071
-0.167551 0.16851 0.313849 0.429057 0.343844 -0.2588 -0 0.9659
0.003839 0.16851 0.359773 0.487295 0.343844 -0.2588 -0 0.9659
0.003839 0.254205 0.359773 0.487295 0.402082 -0.2588 -0 0.9659
0.003839 0.16851 0.359773 0.529817 0.306877 0.2588 -0 0.9659
0.175229 0.16851 0.313849 0.588055 0.306877 0.2588 -0 0.9659
0.175229 0.254205 0.313849 0.588055 0.365115 0.2588 -0 0.9659
0.175229 0.16851 0.313849 0.590908 0.306877 0.7071 -0 0.7071
0.300695 0.16851 0.188383 0.649146 0.306877 0.7071 -0 0.7071
0.300695 0.254205 0.188383 0.649146 0.365115 0.7071 -0 0.7071
0.300695 0.16851 0.188383 0.63494 0.940336 0.9659 -0 0.2588
0.346619 0.16851 0.016993 0.693178 0.940336 0.9659 -0 0.2588
0.346619 0.254205 0.016993 0.693178 0.998574 0.9659 -0 0.2588
0.346619 0.16851 0.016993 0.63494 0.879246 0.9659 -0 -0.2588
0.300695 0.16851 -0.154397 0.693178 0.879246 0.9659 -0 -0.2588
0.300695 0.254205 -0.154397 0.693178 0.937484 0.9659 -0 -0.2588
0.300695 0.16851 -0.154397 0.63494 0.818156 0.7071 -0 -0.7071
0.175229 0.16851 -0.279863 0.693178 0.818156 0.7071 -0 -0.7071
0.175229 0.254205 -0.279863 0.693178 0.876394 0.7071 -0 -0.7071
0.003839 0.16851 -0.325787 0.693178 0.757065 0.2588 -0 -0.9659
0.003839 0.254205 -0.325787 0.693178 0.815304 0.2588 -0 -0.9659
0.175229 0.254205 -0.279863 0.63494 0.815304 0.2588 -0 -0.9659
0.003839 0.16851 -0.325787 0.63494 0.695975 -0.2588 -0 -0.9659
-0.167551 0.16851 -0.279863 0.693178 0.695975 -0.2588 -0 -0.9659
-0.167551 0.254205 -0.279863 0.693178 0.754213 -0.2588 -0 -0.9659
-0.167551 0.16851 -0.279863 0.63494 0.634885 -0.7071 -0 -0.7071
-0.293018 0.16851 -0.154397 0.693178 0.634885 -0.7071 -0 -0.7071
-0.293018 0.254205 -0.154397 0.693178 0.693123 -0.7071 -0 -0.7071
-0.293018 0.16851 -0.154397 0.63494 0.573795 -0.9659 -0 -0.2588
-0.338942 0.16851 0.016993 0.693178 0.573795 -0.9659 -0 -0.2588
-0.338942 0.254205 0.016993 0.693178 0.632033 -0.9659 -0 -0.2588
-0.338942 0.16851 0.016993 0.63494 0.512705 -0.9659 -0 0.2588
-0.293018 0.16851 0.188383 0.693178 0.512705 -0.9659 -0 0.2588
-0.293018 0.254205 0.188383 0.693178 0.570943 -0.9659 -0 0.2588
0.300695 0.082815 -0.154397 0.651998 0.429057 0.7071 -0 -0.7071
0.300695 -0.00288 -0.154397 0.710236 0.429057 0.7071 -0 -0.7071
0.175229 -0.00288 -0.279863 0.710236 0.487295 0.7071 -0 -0.7071
0.346619 0.082815 0.016993 0.651998 0.367967 0.9659 -0 -0.2588
0.346619 -0.00288 0.016993 0.710236 0.367967 0.9659 -0 -0.2588
0.300695 -0.00288 -0.154397 0.710236 0.426205 0.9659 -0 -0.2588
0.300695 -0.00288 0.188383 0.710236 0.306877 0.9659 -0 0.2588
0.346619 -0.00288 0.016993 0.710236 0.365115 0.9659 -0 0.2588
0.346619 0.082815 0.016993 0.651998 0.365115 0.9659 -0 0.2588
0.175229 -0.00288 0.313849 0.059664 0.282754 0.7071 -0 0.7071
0.300695 -0.00288 0.188383 0.059664 0.340992 0.7071 -0 0.7071
0.300695 0.082815 0.188383 0.001426 0.340992 0.7071 -0 0.7071
0.003839 -0.00288 0.359773 0.120754 0.282754 0.2588 -0 0.9659
0.175229 -0.00288 0.313849 0.120754 0.340992 0.2588 -0 0.9659
0.175229 0.082815 0.313849 0.062516 0.340992 0.2588 -0 0.9659
-0.167551 0.082815 0.313849 0.123606 0.282754 -0.2588 -0 0.9659
-0.167551 -0.00288 0.313849 0.181844 0.282754 -0.2588 -0 0.9659
0.003839 -0.00288 0.359773 0.181844 0.340992 -0.2588 -0 0.9659
-0.293018 0.082815 0.188383 0.184696 0.282754 -0.7071 -0 0.7071
-0.293018 -0.00288 0.188383 0.242935 0.282754 -0.7071 -0 0.7071
-0.167551 -0.00288 0.313849 0.242935 0.340992 -0.7071 -0 0.7071
-0.338942 0.082815 0.016993 0.245787 0.282754 -0.9659 -0 0.2588
-0.338941 -0.00288 0.016993 0.304025 0.282754 -0.9659 -0 0.2588
-0.293018 -0.00288 0.188383 0.304025 0.340992 -0.9659 -0 0.2588
-0.293018 0.082815 -0.154397 0.306877 0.282754 -0.9659 -0 -0.2588
-0.293017 -0.002881 -0.154397 0.365115 0.282754 -0.9659 -0 -0.2588
-0.338941 -0.00288 0.016993 0.365115 0.340992 -0.9659 -0 -0.2588
-0.167551 0.082815 -0.279863 0.367967 0.282754 -0.7071 -0 -0.7071
-0.167551 -0.002881 -0.279863 0.426205 0.282754 -0.7071 -0 -0.7071
-0.293017 -0.002881 -0.154397 0.426205 0.340992 -0.7071 -0 -0.7071
0.003839 -0.00288 -0.325787 0.487295 0.282754 -0.2588 -0 -0.9659
-0.167551 -0.002881 -0.279863 0.487295 0.340992 -0.2588 -0 -0.9659
-0.167551 0.082815 -0.279863 0.429057 0.340992 -0.2588 -0 -0.9659
0.175229 0.082815 -0.279863 0.529817 0.245787 0.2588 -0 -0.9659
0.175229 -0.00288 -0.279863 0.588055 0.245787 0.2588 -0 -0.9659
0.003839 -0.00288 -0.325787 0.588055 0.304025 0.2588 -0 -0.9659
-0.293018 0.254205 0.188383 0.590908 0.245787 -0.6596 -0.3604 0.6596
-0.167551 0.254205 0.313849 0.649146 0.245787 -0.6596 -0.3604 0.6596
-0.184691 0.3399 0.343535 0.649146 0.304025 -0.6596 -0.3604 0.6596
-0.167551 0.254205 0.313849 0.651998 0.245787 -0.2414 -0.3604 0.901
0.003839 0.254205 0.359773 0.710236 0.245787 -0.2414 -0.3604 0.901
0.003838 0.3399 0.394051 0.710236 0.304025 -0.2414 -0.3604 0.901
0.003839 0.254205 0.359773 0.69603 0.940336 0.2414 -0.3604 0.901
0.175229 0.254205 0.313849 0.754268 0.940336 0.2414 -0.3604 0.901
0.192367 0.3399 0.343535 0.754268 0.998574 0.2414 -0.3604 0.901
0.175229 0.254205 0.313849 0.69603 0.879246 0.6596 -0.3604 0.6596
0.300695 0.254205 0.188383 0.754268 0.879246 0.6596 -0.3604 0.6596
0.33038 0.3399 0.205523 0.754268 0.937484 0.6596 -0.3604 0.6596
0.300695 0.254205 0.188383 0.69603 0.818156 0.901 -0.3604 0.2414
0.346619 0.254205 0.016993 0.754268 0.818156 0.901 -0.3604 0.2414
0.380896 0.3399 0.016994 0.754268 0.876394 0.901 -0.3604 0.2414
0.300695 0.254205 -0.154397 0.754268 0.757065 0.901 -0.3604 -0.2414
0.33038 0.3399 -0.171536 0.754268 0.815304 0.901 -0.3604 -0.2414
0.380896 0.3399 0.016994 0.69603 0.815304 0.901 -0.3604 -0.2414
0.175229 0.254205 -0.279863 0.754268 0.695975 0.6596 -0.3604 -0.6596
0.192367 0.3399 -0.309549 0.754268 0.754213 0.6596 -0.3604 -0.6596
0.33038 0.3399 -0.171536 0.69603 0.754213 0.6596 -0.3604 -0.6596
0.003839 0.254205 -0.325787 0.754268 0.634885 0.2414 -0.3604 -0.901
0.003838 0.3399 -0.360064 0.754268 0.693123 0.2414 -0.3604 -0.901
0.192367 0.3399 -0.309549 0.69603 0.693123 0.2414 -0.3604 -0.901
-0.167551 0.254205 -0.279863 0.754268 0.573795 -0.2414 -0.3604 -0.901
-0.18469 0.3399 -0.309549 0.754268 0.632033 -0.2414 -0.3604 -0.901
0.003838 0.3399 -0.360064 0.69603 0.632033 -0.2414 -0.3604 -0.901
-0.293018 0.254205 -0.154397 0.754268 0.512705 -0.6596 -0.3604 -0.6596
-0.322704 0.3399 -0.171536 0.754268 0.570943 -0.6596 -0.3604 -0.6596
-0.18469 0.3399 -0.309549 0.69603 0.570943 -0.6596 -0.3604 -0.6596
-0.338942 0.254205 0.016993 0.771326 0.429057 -0.901 -0.3604 -0.2414
-0.37322 0.3399 0.016993 0.771326 0.487295 -0.901 -0.3604 -0.2414
-0.322704 0.3399 -0.171536 0.713088 0.487295 -0.901 -0.3604 -0.2414
-0.338942 0.254205 0.016993 0.713088 0.367967 -0.901 -0.3604 0.2414
-0.293018 0.254205 0.188383 0.771326 0.367967 -0.901 -0.3604 0.2414
-0.322704 0.3399 0.205522 0.771326 0.426205 -0.901 -0.3604 0.2414
-0.184691 0.3399 0.343535 0.771326 0.306877 -0.7024 0.1153 0.7024
-0.10747 1.62532 0.209813 0.771326 0.365115 -0.7024 0.1153 0.7024
-0.188966 1.62532 0.128318 0.713088 0.365115 -0.7024 0.1153 0.7024
0.003838 0.3399 0.394051 0.771326 0.245787 -0.2571 0.1153 0.9595
0.003854 1.62532 0.239642 0.771326 0.304025 -0.2571 0.1153 0.9595
-0.10747 1.62532 0.209813 0.713088 0.304025 -0.2571 0.1153 0.9595
0.192367 0.3399 0.343535 0.059664 0.221664 0.2571 0.1153 0.9595
0.115179 1.62532 0.209813 0.059664 0.279902 0.2571 0.1153 0.9595
0.003854 1.62532 0.239642 0.001426 0.279902 0.2571 0.1153 0.9595
0.33038 0.3399 0.205523 0.120754 0.221664 0.7024 0.1152 0.7024
0.196674 1.62532 0.128318 0.120754 0.279902 0.7024 0.1152 0.7024
0.115179 1.62532 0.209813 0.062516 0.279902 0.7024 0.1152 0.7024
0.380896 0.3399 0.016994 0.181844 0.221664 0.9595 0.1152 0.2571
0.226503 1.62532 0.016994 0.181844 0.279902 0.9595 0.1152 0.2571
0.196674 1.62532 0.128318 0.123606 0.279902 0.9595 0.1152 0.2571
0.380896 0.3399 0.016994 0.184696 0.221664 0.9595 0.1152 -0.2571
0.33038 0.3399 -0.171536 0.242935 0.221664 0.9595 0.1152 -0.2571
0.196674 1.62532 -0.094331 0.242935 0.279902 0.9595 0.1152 -0.2571
0.33038 0.3399 -0.171536 0.245787 0.221664 0.7024 0.1152 -0.7024
0.192367 0.3399 -0.309549 0.304025 0.221664 0.7024 0.1152 -0.7024
0.115179 1.62532 -0.175826 0.304025 0.279902 0.7024 0.1152 -0.7024
0.192367 0.3399 -0.309549 0.306877 0.221664 0.2571 0.1153 -0.9595
0.003838 0.3399 -0.360064 0.365115 0.221664 0.2571 0.1153 -0.9595
0.003854 1.62532 -0.205655 0.365115 0.279902 0.2571 0.1153 -0.9595
0.003838 0.3399 -0.360064 0.367967 0.221664 -0.2571 0.1153 -0.9595
-0.18469 0.3399 -0.309549 0.426205 0.221664 -0.2571 0.1153 -0.9595
-0.10747 1.62532 -0.175826 0.426205 0.279902 -0.2571 0.1153 -0.9595
-0.18469 0.3399 -0.309549 0.429057 0.221664 -0.7024 0.1153 -0.7024
-0.322704 0.3399 -0.171536 0.487295 0.221664 -0.7024 0.1153 -0.7024
-0.188966 1.62532 -0.094331 0.487295 0.279902 -0.7024 0.1153 -0.7024
-0.322704 0.3399 -0.171536 0.529817 0.184696 -0.9595 0.1153 -0.2571
-0.37322 0.3399 0.016993 0.588055 0.184696 -0.9595 0.1153 -0.2571
-0.218795 1.62532 0.016993 0.588055 0.242935 -0.9595 0.1153 -0.2571
-0.322704 0.3399 0.205522 0.649146 0.184696 -0.9595 0.1153 0.2571
-0.188966 1.62532 0.128318 0.649146 0.242935 -0.9595 0.1153 0.2571
-0.218795 1.62532 0.016993 0.590908 0.242935 -0.9595 0.1153 0.2571
-0.10747 1.62532 0.209813 0.710236 0.184696 -0.6838 -0.2548 0.6838
-0.130844 1.79672 0.250305 0.710236 0.242935 -0.6838 -0.2548 0.6838
-0.229454 1.79672 0.151696 0.651998 0.242935 -0.6838 -0.2548 0.6838
0.003854 1.62532 0.239642 0.771326 0.184696 -0.2503 -0.2548 0.934
0.003857 1.79672 0.286398 0.771326 0.242935 -0.2503 -0.2548 0.934
-0.130844 1.79672 0.250305 0.713088 0.242935 -0.2503 -0.2548 0.934
0.115179 1.62532 0.209813 0.815358 0.940336 0.2503 -0.2548 0.934
0.138561 1.79672 0.250305 0.815358 0.998574 0.2503 -0.2548 0.934
0.003857 1.79672 0.286398 0.75712 0.998574 0.2503 -0.2548 0.934
0.196674 1.62532 0.128318 0.815358 0.879246 0.6838 -0.2548 0.6838
0.23717 1.79672 0.151696 0.815358 0.937484 0.6838 -0.2548 0.6838
0.138561 1.79672 0.250305 0.75712 0.937484 0.6838 -0.2548 0.6838
0.226503 1.62532 0.016994 0.815358 0.818156 0.934 -0.2548 0.2503
0.273263 1.79672 0.016994 0.815358 0.876394 0.934 -0.2548 0.2503
0.23717 1.79672 0.151696 0.75712 0.876394 0.934 -0.2548 0.2503
0.226503 1.62532 0.016994 0.75712 0.757065 0.934 -0.2548 -0.2503
0.196674 1.62532 -0.094331 0.815358 0.757065 0.934 -0.2548 -0.2503
0.23717 1.79672 -0.117709 0.815358 0.815304 0.934 -0.2548 -0.2503
0.196674 1.62532 -0.094331 0.75712 0.695975 0.6838 -0.2548 -0.6838
0.115179 1.62532 -0.175826 0.815358 0.695975 0.6838 -0.2548 -0.6838
0.138561 1.79672 -0.216318 0.815358 0.754213 0.6838 -0.2548 -0.6838
0.115179 1.62532 -0.175826 0.75712 0.634885 0.2503 -0.2548 -0.934
0.003854 1.62532 -0.205655 0.815358 0.634885 0.2503 -0.2548 -0.934
0.003858 1.79672 -0.252412 0.815358 0.693123 0.2503 -0.2548 -0.934
0.003854 1.62532 -0.205655 0.75712 0.573795 -0.2503 -0.2548 -0.934
-0.10747 1.62532 -0.175826 0.815358 0.573795 -0.2503 -0.2548 -0.934
-0.130844 1.79672 -0.216318 0.815358 0.632033 -0.2503 -0.2548 -0.934
-0.10747 1.62532 -0.175826 0.75712 0.512705 -0.6838 -0.2548 -0.6838
-0.188966 1.62532 -0.094331 0.815358 0.512705 -0.6838 -0.2548 -0.6838
-0.229454 1.79672 -0.117709 0.815358 0.570943 -0.6838 -0.2548 -0.6838
-0.188966 1.62532 -0.094331 0.774178 0.429057 -0.934 -0.2548 -0.2503
-0.218795 1.62532 0.016993 0.832416 0.429057 -0.934 -0.2548 -0.2503
-0.265547 1.79672 0.016993 0.832416 0.487295 -0.934 -0.2548 -0.2503
-0.188966 1.62532 0.128318 0.832416 0.367967 -0.934 -0.2548 0.2503
-0.229454 1.79672 0.151696 0.832416 0.426205 -0.934 -0.2548 0.2503
-0.265547 1.79672 0.016993 0.774178 0.426205 -0.934 -0.2548 0.2503
-0.229454 1.79672 -0.117709 0.996645 0.859772 -0 1 0
-0.265547 1.79672 0.016993 0.996645 0.844699 -0 1 0
-0.229454 1.79672 0.151696 0.989108 0.831645 -0 1 0
0.003858 1.79672 -0.252412 0.976054 0.880362 -0 1 0
-0.130844 1.79672 -0.216318 0.989108 0.872826 -0 1 0
-0.229454 1.79672 -0.117709 0.996645 0.859772 -0 1 0
0.23717 1.79672 -0.117709 0.947928 0.872826 -0 1 0
0.138561 1.79672 -0.216318 0.960981 0.880362 -0 1 0
0.003858 1.79672 -0.252412 0.976054 0.880362 -0 1 0
0.23717 1.79672 0.151696 0.940391 0.844699 -0 1 0
0.273263 1.79672 0.016994 0.940391 0.859772 -0 1 0
0.23717 1.79672 -0.117709 0.947928 0.872826 -0 1 0
0.003857 1.79672 0.286398 0.960981 0.824109 -0 1 0
0.138561 1.79672 0.250305 0.947928 0.831645 -0 1 0
0.23717 1.79672 0.151696 0.940391 0.844699 -0 1 0
-0.229454 1.79672 0.151696 0.989108 0.831645 -0 1 0
-0.130844 1.79672 0.250305 0.976054 0.824109 -0 1 0
0.003857 1.79672 0.286398 0.960981 0.824109 -0 1 0
0.003858 1.79672 -0.252412 0.976054 0.880362 -0 1 0
-0.229454 1.79672 -0.117709 0.996645 0.859772 -0 1 0
-0.229454 1.79672 0.151696 0.989108 0.831645 -0 1 0
0.23717 1.79672 0.151696 0.940391 0.844699 -0 1 0
0.23717 1.79672 -0.117709 0.947928 0.872826 -0 1 0
0.003858 1.79672 -0.252412 0.976054 0.880362 -0 1 0
-0.229454 1.79672 0.151696 0.989108 0.831645 -0 1 0
0.003857 1.79672 0.286398 0.960981 0.824109 -0 1 0
0.23717 1.79672 0.151696 0.940391 0.844699 -0 1 0
0.211468 2.03741 -0.267084 0.832416 0.306877 -0.0865 0.0111 -0.9962
0.210458 2.12893 -0.265977 0.832416 0.365115 -0.0865 0.0111 -0.9962
0.301635 2.13003 -0.273881 0.774178 0.365115 -0.0865 0.0111 -0.9962
0.353026 2.1244 0.313289 0.832416 0.245787 0.0865 -0.0111 0.9962
0.261848 2.1233 0.321192 0.832416 0.304025 0.0865 -0.0111 0.9962
0.262859 2.03179 0.320086 0.774178 0.304025 0.0865 -0.0111 0.9962
0.302645 2.03852 -0.274987 0.774178 0.184696 0.0112 -0.9999 -0.0106
0.354036 2.03289 0.312182 0.832416 0.184696 0.0112 -0.9999 -0.0106
0.262859 2.03179 0.320086 0.832416 0.242935 0.0112 -0.9999 -0.0106
0.301635 2.13003 -0.273881 0.001426 0.160574 -0.0112 0.9999 0.0106
0.210458 2.12893 -0.265977 0.059664 0.160574 -0.0112 0.9999 0.0106
0.261848 2.1233 0.321192 0.059664 0.218812 -0.0112 0.9999 0.0106
0.301635 2.13003 -0.273881 0.120754 0.160574 0.9961 0.012 -0.0871
0.353026 2.1244 0.313289 0.120754 0.218812 0.9961 0.012 -0.0871
0.354036 2.03289 0.312182 0.062516 0.218812 0.9961 0.012 -0.0871
0.262859 2.03179 0.320086 0.181844 0.160574 -0.9961 -0.012 0.0871
0.261848 2.1233 0.321192 0.181844 0.218812 -0.9961 -0.012 0.0871
0.210458 2.12893 -0.265977 0.123606 0.218812 -0.9961 -0.012 0.0871
0.208439 2.03781 -0.301952 0.242935 0.160574 -0.0865 0.0111 -0.9962
0.207429 2.12932 -0.300845 0.242935 0.218812 -0.0865 0.0111 -0.9962
0.298606 2.13042 -0.308749 0.184696 0.218812 -0.0865 0.0111 -0.9962
0.307532 2.03789 -0.218678 0.245787 0.160574 0.0865 -0.0111 0.9962
0.306522 2.12941 -0.217571 0.304025 0.160574 0.0865 -0.0111 0.9962
0.215345 2.1283 -0.209668 0.304025 0.218812 0.0865 -0.0111 0.9962
0.307532 2.03789 -0.218678 0.365115 0.160574 0.011 -0.9999 -0.0121
0.216355 2.03679 -0.210774 0.365115 0.218812 0.011 -0.9999 -0.0121
0.208439 2.03781 -0.301952 0.306877 0.218812 0.011 -0.9999 -0.0121
0.298606 2.13042 -0.308749 0.367967 0.160574 -0.011 0.9999 0.0121
0.207429 2.12932 -0.300845 0.426205 0.160574 -0.011 0.9999 0.0121
0.215345 2.1283 -0.209668 0.426205 0.218812 -0.011 0.9999 0.0121
0.298606 2.13042 -0.308749 0.487295 0.160574 0.9962 0.012 -0.0864
0.306522 2.12941 -0.217571 0.487295 0.218812 0.9962 0.012 -0.0864
0.307532 2.03789 -0.218678 0.429057 0.218812 0.9962 0.012 -0.0864
0.208439 2.03781 -0.301952 0.529817 0.123606 -0.9962 -0.012 0.0864
0.216355 2.03679 -0.210774 0.588055 0.123606 -0.9962 -0.012 0.0864
0.215345 2.1283 -0.209668 0.588055 0.181844 -0.9962 -0.012 0.0864
-0.304602 2.03049 -0.165617 0.649146 0.123606 -0.9962 -0.012 0.0864
-0.305612 2.12201 -0.16451 0.649146 0.181844 -0.9962 -0.012 0.0864
-0.313528 2.12302 -0.255688 0.590908 0.181844 -0.9962 -0.012 0.0864
0.25403 2.03835 -0.305905 0.651998 0.123606 0.9962 0.012 -0.0864
0.25302 2.12987 -0.304799 0.710236 0.123606 0.9962 0.012 -0.0864
0.260936 2.12885 -0.213621 0.710236 0.181844 0.9962 0.012 -0.0864
-0.312518 2.03151 -0.256795 0.713088 0.123606 0.011 -0.9999 -0.0121
0.25403 2.03835 -0.305905 0.771326 0.123606 0.011 -0.9999 -0.0121
0.261946 2.03734 -0.214728 0.771326 0.181844 0.011 -0.9999 -0.0121
-0.305612 2.12201 -0.16451 0.832416 0.123606 -0.011 0.9999 0.0121
0.260936 2.12885 -0.213621 0.832416 0.181844 -0.011 0.9999 0.0121
0.25302 2.12987 -0.304799 0.774178 0.181844 -0.011 0.9999 0.0121
-0.312518 2.03151 -0.256795 0.818211 0.940336 -0.0865 0.0111 -0.9962
-0.313528 2.12302 -0.255688 0.876449 0.940336 -0.0865 0.0111 -0.9962
0.25302 2.12987 -0.304799 0.876449 0.998574 -0.0865 0.0111 -0.9962
-0.304602 2.03049 -0.165617 0.818211 0.879246 0.0865 -0.0111 0.9962
0.261946 2.03734 -0.214728 0.876449 0.879246 0.0865 -0.0111 0.9962
0.260936 2.12885 -0.213621 0.876449 0.937484 0.0865 -0.0111 0.9962
-0.340447 2.03006 -0.162507 0.876449 0.818156 -0.9962 -0.012 0.0864
-0.341457 2.12158 -0.1614 0.876449 0.876394 -0.9962 -0.012 0.0864
-0.349373 2.12259 -0.252577 0.818211 0.876394 -0.9962 -0.012 0.0864
-0.257185 2.03218 -0.261588 0.818211 0.757065 0.9962 0.012 -0.0864
-0.258195 2.12369 -0.260481 0.876449 0.757065 0.9962 0.012 -0.0864
-0.250279 2.12268 -0.169304 0.876449 0.815304 0.9962 0.012 -0.0864
-0.257185 2.03218 -0.261588 0.876449 0.695975 0.011 -0.9999 -0.0121
-0.249269 2.03116 -0.170411 0.876449 0.754213 0.011 -0.9999 -0.0121
-0.340447 2.03006 -0.162507 0.818211 0.754213 0.011 -0.9999 -0.0121
-0.349373 2.12259 -0.252577 0.818211 0.634885 -0.011 0.9999 0.0121
-0.341457 2.12158 -0.1614 0.876449 0.634885 -0.011 0.9999 0.0121
-0.250279 2.12268 -0.169304 0.876449 0.693123 -0.011 0.9999 0.0121
-0.349373 2.12259 -0.252577 0.876449 0.573795 -0.0865 0.0111 -0.9962
-0.258195 2.12369 -0.260481 0.876449 0.632033 -0.0865 0.0111 -0.9962
-0.257185 2.03218 -0.261588 0.818211 0.632033 -0.0865 0.0111 -0.9962
-0.340447 2.03006 -0.162507 0.818211 0.512705 0.0865 -0.0111 0.9962
-0.249269 2.03116 -0.170411 0.876449 0.512705 0.0865 -0.0111 0.9962
-0.250279 2.12268 -0.169304 0.876449 0.570943 0.0865 -0.0111 0.9962
-0.20398 2.02597 0.362013 0.893506 0.429057 0.0865 -0.0111 0.9962
-0.20499 2.11748 0.36312 0.893506 0.487295 0.0865 -0.0111 0.9962
-0.296167 2.11638 0.371024 0.835268 0.487295 0.0865 -0.0111 0.9962
-0.341459 2.12157 -0.161402 0.893506 0.367967 -0.0865 0.0111 -0.9962
-0.250282 2.12267 -0.169306 0.893506 0.426205 -0.0865 0.0111 -0.9962
-0.249271 2.03116 -0.170413 0.835268 0.426205 -0.0865 0.0111 -0.9962
-0.340449 2.03006 -0.162509 0.893506 0.306877 0.0112 -0.9999 -0.0107
-0.249271 2.03116 -0.170413 0.893506 0.365115 0.0112 -0.9999 -0.0107
-0.20398 2.02597 0.362013 0.835268 0.365115 0.0112 -0.9999 -0.0107
-0.20499 2.11748 0.36312 0.893506 0.245787 -0.0112 0.9999 0.0107
-0.250282 2.12267 -0.169306 0.893506 0.304025 -0.0112 0.9999 0.0107
-0.341459 2.12157 -0.161402 0.835268 0.304025 -0.0112 0.9999 0.0107
-0.295157 2.02486 0.369917 0.835268 0.184696 -0.9963 -0.012 0.0846
-0.296167 2.11638 0.371024 0.893506 0.184696 -0.9963 -0.012 0.0846
-0.341459 2.12157 -0.161402 0.893506 0.242935 -0.9963 -0.012 0.0846
-0.20398 2.02597 0.362013 0.835268 0.123606 0.9963 0.012 -0.0846
-0.249271 2.03116 -0.170413 0.893506 0.123606 0.9963 0.012 -0.0846
-0.250282 2.12267 -0.169306 0.893506 0.181844 0.9963 0.012 -0.0846
0.344574 2.03298 0.221456 0.059664 0.099483 0.9962 0.012 -0.0864
0.343564 2.12449 0.222563 0.059664 0.157721 0.9962 0.012 -0.0864
0.35148 2.12348 0.31374 0.001426 0.157721 0.9962 0.012 -0.0864
-0.29534 2.11566 0.369811 0.120754 0.099483 -0.9962 -0.012 0.0864
-0.303256 2.11667 0.278634 0.120754 0.157721 -0.9962 -0.012 0.0864
-0.302246 2.02516 0.277527 0.062516 0.157721 -0.9962 -0.012 0.0864
0.35249 2.03196 0.312634 0.123606 0.099483 0.011 -0.9999 -0.0121
-0.29433 2.02414 0.368704 0.181844 0.099483 0.011 -0.9999 -0.0121
-0.302246 2.02516 0.277527 0.181844 0.157721 0.011 -0.9999 -0.0121
0.35148 2.12348 0.31374 0.184696 0.099483 -0.011 0.9999 0.0121
0.343564 2.12449 0.222563 0.242935 0.099483 -0.011 0.9999 0.0121
-0.303256 2.11667 0.278634 0.242935 0.157721 -0.011 0.9999 0.0121
0.35249 2.03196 0.312634 0.245787 0.099483 0.0865 -0.0111 0.9962
0.35148 2.12348 0.31374 0.304025 0.099483 0.0865 -0.0111 0.9962
-0.29534 2.11566 0.369811 0.304025 0.157721 0.0865 -0.0111 0.9962
-0.302246 2.02516 0.277527 0.365115 0.099483 -0.0865 0.0111 -0.9962
-0.303256 2.11667 0.278634 0.365115 0.157721 -0.0865 0.0111 -0.9962
0.343564 2.12449 0.222563 0.306877 0.157721 -0.0865 0.0111 -0.9962
-0.296167 2.11638 0.371021 0.367967 0.099483 0.0865 -0.0097 0.9962
-0.204989 2.11748 0.363117 0.426205 0.099483 0.0865 -0.0097 0.9962
-0.210657 2.62546 0.368555 0.426205 0.157721 0.0865 -0.0097 0.9962
-0.30975 2.62525 0.28528 0.487295 0.099483 -0.0865 0.0097 -0.9962
-0.218572 2.62635 0.277376 0.487295 0.157721 -0.0865 0.0097 -0.9962
-0.212904 2.11837 0.271938 0.429057 0.157721 -0.0865 0.0097 -0.9962
-0.296167 2.11638 0.371021 0.529817 0.062516 0.0112 -0.9999 -0.0107
-0.304082 2.11727 0.279842 0.588055 0.062516 0.0112 -0.9999 -0.0107
-0.212904 2.11837 0.271938 0.588055 0.120754 0.0112 -0.9999 -0.0107
-0.301835 2.62436 0.376459 0.590908 0.062516 -0.0112 0.9999 0.0107
-0.210657 2.62546 0.368555 0.649146 0.062516 -0.0112 0.9999 0.0107
-0.218572 2.62635 0.277376 0.649146 0.120754 -0.0112 0.9999 0.0107
-0.296167 2.11638 0.371021 0.651998 0.062516 -0.9962 -0.012 0.0864
-0.301835 2.62436 0.376459 0.710236 0.062516 -0.9962 -0.012 0.0864
-0.30975 2.62525 0.28528 0.710236 0.120754 -0.9962 -0.012 0.0864
-0.212904 2.11837 0.271938 0.771326 0.062516 0.9962 0.012 -0.0864
-0.218572 2.62635 0.277376 0.771326 0.120754 0.9962 0.012 -0.0864
-0.210657 2.62546 0.368555 0.713088 0.120754 0.9962 0.012 -0.0864
-0.34146 2.12157 -0.161401 0.774178 0.062516 0.0865 -0.0111 0.9962
-0.250283 2.12267 -0.169305 0.832416 0.062516 0.0865 -0.0111 0.9962
-0.255516 2.59672 -0.163572 0.832416 0.120754 0.0865 -0.0111 0.9962
-0.349376 2.12259 -0.252579 0.835268 0.062516 -0.0865 0.0111 -0.9962
-0.354609 2.59663 -0.246846 0.893506 0.062516 -0.0865 0.0111 -0.9962
-0.263432 2.59773 -0.254749 0.893506 0.120754 -0.0865 0.0111 -0.9962
-0.34146 2.12157 -0.161401 0.879301 0.940336 0.011 -0.9999 -0.0121
-0.349376 2.12259 -0.252579 0.937539 0.940336 0.011 -0.9999 -0.0121
-0.258198 2.12369 -0.260482 0.937539 0.998574 0.011 -0.9999 -0.0121
-0.255516 2.59672 -0.163572 0.937539 0.879246 -0.011 0.9999 0.0121
-0.263432 2.59773 -0.254749 0.937539 0.937484 -0.011 0.9999 0.0121
-0.354609 2.59663 -0.246846 0.879301 0.937484 -0.011 0.9999 0.0121
-0.346693 2.59561 -0.155669 0.937539 0.818156 -0.9962 -0.012 0.0864
-0.354609 2.59663 -0.246846 0.937539 0.876394 -0.9962 -0.012 0.0864
-0.349376 2.12259 -0.252579 0.879301 0.876394 -0.9962 -0.012 0.0864
-0.258198 2.12369 -0.260482 0.937539 0.757065 0.9962 0.012 -0.0864
-0.263432 2.59773 -0.254749 0.937539 0.815304 0.9962 0.012 -0.0864
-0.255516 2.59672 -0.163572 0.879301 0.815304 0.9962 0.012 -0.0864
0.207433 2.12932 -0.300843 0.879301 0.695975 -0.9962 -0.0051 0.0864
0.215349 2.1283 -0.209666 0.937539 0.695975 -0.9962 -0.0051 0.0864
0.213308 2.60735 -0.204699 0.937539 0.754213 -0.9962 -0.0051 0.0864
0.298611 2.13042 -0.308747 0.879301 0.634885 0.9962 0.0051 -0.0864
0.296569 2.60946 -0.303781 0.937539 0.634885 0.9962 0.0051 -0.0864
0.304485 2.60845 -0.212604 0.937539 0.693123 0.9962 0.0051 -0.0864
0.298611 2.13042 -0.308747 0.937539 0.573795 0.011 -0.9999 -0.0121
0.306527 2.1294 -0.217569 0.937539 0.632033 0.011 -0.9999 -0.0121
0.215349 2.1283 -0.209666 0.879301 0.632033 0.011 -0.9999 -0.0121
0.205391 2.60836 -0.295877 0.879301 0.512705 -0.011 0.9999 0.0121
0.213308 2.60735 -0.204699 0.937539 0.512705 -0.011 0.9999 0.0121
0.304485 2.60845 -0.212604 0.937539 0.570943 -0.011 0.9999 0.0121
0.205391 2.60836 -0.295877 0.954596 0.429057 -0.0865 0.01 -0.9962
0.296569 2.60946 -0.303781 0.954596 0.487295 -0.0865 0.01 -0.9962
0.298611 2.13042 -0.308747 0.896358 0.487295 -0.0865 0.01 -0.9962
0.306527 2.1294 -0.217569 0.954596 0.367967 0.0865 -0.01 0.9962
0.304485 2.60845 -0.212604 0.954596 0.426205 0.0865 -0.01 0.9962
0.213308 2.60735 -0.204699 0.896358 0.426205 0.0865 -0.01 0.9962
0.343566 2.12449 0.222564 0.896358 0.306877 -0.081 0.0012 -0.9967
0.253936 2.12418 0.230012 0.954596 0.306877 -0.081 0.0009 -0.9967
0.248086 2.61576 0.230779 0.954596 0.365115 -0.082 -0.0011 -0.9966
0.353027 2.1244 0.313287 0.896358 0.245787 0.0864 -0.0005 0.9963
0.352414 2.61605 0.313601 0.954596 0.245787 0.0864 -0.0005 0.9963
0.256 2.61489 0.321958 0.954596 0.304025 0.0864 -0.0005 0.9963
0.343566 2.12449 0.222564 0.896358 0.184696 0.0169 -0.9999 0.0009
0.353027 2.1244 0.313287 0.954596 0.184696 0.0165 -0.9999 0.0016
0.26185 2.1233 0.321191 0.954596 0.242935 0.0159 -0.9999 0.0021
0.3445 2.61693 0.222422 0.896358 0.123606 -0.0112 0.9999 0.0106
0.248086 2.61576 0.230779 0.954596 0.123606 -0.0112 0.9999 0.0106
0.256 2.61489 0.321958 0.954596 0.181844 -0.0112 0.9999 0.0106
0.253936 2.12418 0.230012 0.896358 0.062516 -0.9962 -0.012 0.0864
0.26185 2.1233 0.321191 0.954596 0.062516 -0.9962 -0.012 0.0864
0.256 2.61489 0.321958 0.954596 0.120754 -0.9962 -0.012 0.0864
0.33593 2.60173 -0.365478 0.059664 0.038393 0.9962 0.012 -0.0864
0.335057 2.68094 -0.36452 0.059664 0.096631 0.9962 0.012 -0.0864
0.398383 2.67282 0.364899 0.001426 0.096631 0.9962 0.012 -0.0864
-0.331037 2.66401 0.428128 0.120754 0.038393 -0.9962 -0.012 0.0864
-0.394363 2.67213 -0.301291 0.120754 0.096631 -0.9962 -0.012 0.0864
-0.393489 2.59292 -0.302249 0.062516 0.096631 -0.9962 -0.012 0.0864
0.399257 2.59361 0.363942 0.123606 0.038393 0.011 -0.9999 -0.0121
-0.330163 2.5848 0.427171 0.181844 0.038393 0.011 -0.9999 -0.0121
-0.393489 2.59292 -0.302249 0.181844 0.096631 0.011 -0.9999 -0.0121
0.398383 2.67282 0.364899 0.184696 0.038393 -0.011 0.9999 0.0121
0.335057 2.68094 -0.36452 0.242935 0.038393 -0.011 0.9999 0.0121
-0.394363 2.67213 -0.301291 0.242935 0.096631 -0.011 0.9999 0.0121
0.399257 2.59361 0.363942 0.245787 0.038393 0.0865 -0.0111 0.9962
0.398383 2.67282 0.364899 0.304025 0.038393 0.0865 -0.0111 0.9962
-0.331037 2.66401 0.428128 0.304025 0.096631 0.0865 -0.0111 0.9962
0.33593 2.60173 -0.365478 0.306877 0.038393 -0.0865 0.0111 -0.9962
-0.393489 2.59292 -0.302249 0.365115 0.038393 -0.0865 0.0111 -0.9962
-0.394363 2.67213 -0.301291 0.365115 0.096631 -0.0865 0.0111 -0.9962
0.335058 2.68094 -0.36452 0.367967 0.038393 0.011 -0.9999 -0.0121
0.398384 2.67282 0.364899 0.426205 0.038393 0.011 -0.9999 -0.0121
-0.331035 2.66401 0.428127 0.426205 0.096631 0.011 -0.9999 -0.0121
-0.127555 2.98065 -0.070492 0.487295 0.038393 -0.011 0.9999 0.0121
-0.107398 2.97807 0.16168 0.487295 0.096631 -0.011 0.9999 0.0121
0.124774 2.98087 0.141554 0.429057 0.096631 -0.011 0.9999 0.0121
0.221116 2.97453 -0.229252 0.529817 0.00142598 -0.0865 0.0111 -0.9962
-0.265949 2.96912 -0.187026 0.588055 0.00142598 -0.0865 0.0111 -0.9962
-0.266548 3.02862 -0.186311 0.588055 0.059664 -0.0865 0.0111 -0.9962
0.263402 2.96911 0.257808 0.590908 0.00142598 0.0865 -0.0111 0.9962
0.262803 3.02861 0.258523 0.649146 0.00142598 0.0865 -0.0111 0.9962
-0.224262 3.0232 0.300748 0.649146 0.059664 0.0865 -0.0111 0.9962
0.263402 2.96911 0.257808 0.710236 0.00142598 0.0101 -0.9999 -0.012
-0.223663 2.9637 0.300034 0.710236 0.059664 0.0101 -0.9999 -0.012
-0.265949 2.96912 -0.187026 0.651998 0.059664 0.0101 -0.9999 -0.012
0.220517 3.03403 -0.228537 0.713088 0.00142598 -0.0101 0.9999 0.012
-0.266548 3.02862 -0.186311 0.771326 0.00142598 -0.0101 0.9999 0.012
-0.224262 3.0232 0.300748 0.771326 0.059664 -0.0101 0.9999 0.012
0.220517 3.03403 -0.228537 0.832416 0.00142598 0.9962 0.0111 -0.0864
0.262803 3.02861 0.258523 0.832416 0.059664 0.9962 0.0111 -0.0864
0.263402 2.96911 0.257808 0.774178 0.059664 0.9962 0.0111 -0.0864
-0.265949 2.96912 -0.187026 0.835268 0.00142598 -0.9962 -0.0111 0.0864
-0.223663 2.9637 0.300034 0.893506 0.00142598 -0.9962 -0.0111 0.0864
-0.224262 3.0232 0.300748 0.893506 0.059664 -0.9962 -0.0111 0.0864
