Vertex Count: 216

Data:

-60 0 57.5 0.5014 0.3422 0 -1 0
-60 0 52.5 0.6593 0.3422 0 -1 0
60 0 52.5 0.6593 0.5001 0 -1 0
60 0 52.5 0.6593 0.5001 0 -1 0
60 0 57.5 0.5014 0.5001 0 -1 0
-60 0 57.5 0.5014 0.3422 0 -1 0
-60 50 57.5 0.8188 0.3422 0 1 0
60 50 57.5 0.8188 0.5001 0 1 0
60 50 52.5 0.6608 0.5001 0 1 0
60 50 52.5 0.6608 0.5001 0 1 0
-60 50 52.5 0.6608 0.3422 0 1 0
-60 50 57.5 0.8188 0.3422 0 1 0
60 50 57.5 0.9223 0.3982 1 0 0
60 0 57.5 0.9223 0.5001 1 0 0
60 0 52.5 0.8203 0.5001 1 0 0
60 0 52.5 0.8203 0.5001 1 0 0
60 50 52.5 0.8203 0.3982 1 0 0
60 50 57.5 0.9223 0.3982 1 0 0
-60 50 57.5 0.4995 0 -0 0 1
-60 0 57.5 0.4995 0.4995 -0 0 1
60 0 57.5 0 0.4995 -0 0 1
60 0 57.5 0 0.4995 -0 0 1
60 50 57.5 0 0 -0 0 1
-60 50 57.5 0.4995 0 -0 0 1
-60 50 52.5 0.9223 0.2952 -1 0 -0
-60 0 52.5 0.9223 0.3971 -1 0 -0
-60 0 57.5 0.8203 0.3971 -1 0 -0
-60 0 57.5 0.8203 0.3971 -1 0 -0
-60 50 57.5 0.8203 0.2952 -1 0 -0
-60 50 52.5 0.9223 0.2952 -1 0 -0
60 50 52.5 0.8764 0.5033 0 0 -1
60 0 52.5 0.8764 1.0056 0 0 -1
-60 0 52.5 0.1266 1.0056 0 0 -1
-60 0 52.5 0.1266 1.0056 0 0 -1
-60 50 52.5 0.1266 0.5033 0 0 -1
60 50 52.5 0.8764 0.5033 0 0 -1
57.5 -0 60 0.5014 0.3422 -0 -1 -0
52.5 -0 60 0.6593 0.3422 -0 -1 -0
52.5 0 -60 0.6593 0.5001 -0 -1 -0
52.5 0 -60 0.6593 0.5001 -0 -1 -0
57.5 0 -60 0.5014 0.5001 -0 -1 -0
57.5 -0 60 0.5014 0.3422 -0 -1 -0
57.5 50 60 0.8188 0.3422 0 1 0
57.5 50 -60 0.8188 0.5001 0 1 0
52.5 50 -60 0.6608 0.5001 0 1 0
52.5 50 -60 0.6608 0.5001 0 1 0
52.5 50 60 0.6608 0.3422 0 1 0
57.5 50 60 0.8188 0.3422 0 1 0
57.5 50 -60 0.9223 0.3982 -0 0 -1
57.5 0 -60 0.9223 0.5001 -0 0 -1
52.5 0 -60 0.8203 0.5001 -0 0 -1
52.5 0 -60 0.8203 0.5001 -0 0 -1
52.5 50 -60 0.8203 0.3982 -0 0 -1
57.5 50 -60 0.9223 0.3982 -0 0 -1
57.5 50 60 0.4995 0 1 0 -0
57.5 -0 60 0.4995 0.4995 1 0 -0
57.5 0 -60 0 0.4995 1 0 -0
57.5 0 -60 0 0.4995 1 0 -0
57.5 50 -60 0 0 1 0 -0
57.5 50 60 0.4995 0 1 0 -0
52.5 50 60 0.9223 0.2952 0 -0 1
52.5 -0 60 0.9223 0.3971 0 -0 1
57.5 -0 60 0.8203 0.3971 0 -0 1
57.5 -0 60 0.8203 0.3971 0 -0 1
57.5 50 60 0.8203 0.2952 0 -0 1
52.5 50 60 0.9223 0.2952 0 -0 1
52.5 50 -60 0.8764 0.5033 -1 0 0
52.5 0 -60 0.8764 1.0056 -1 0 0
52.5 -0 60 0.1266 1.0056 -1 0 0
52.5 -0 60 0.1266 1.0056 -1 0 0
52.5 50 60 0.1266 0.5033 -1 0 0
52.5 50 -60 0.8764 0.5033 -1 0 0
-57.5 -0 -60 0.5014 0.3422 -0 -1 0
-52.5 -0 -60 0.6593 0.3422 -0 -1 0
-52.5 0 60 0.6593 0.5001 -0 -1 0
-52.5 0 60 0.6593 0.5001 -0 -1 0
-57.5 0 60 0.5014 0.5001 -0 -1 0
-57.5 -0 -60 0.5014 0.3422 -0 -1 0
-57.5 50 -60 0.8188 0.3422 0 1 -0
-57.5 50 60 0.8188 0.5001 0 1 -0
-52.5 50 60 0.6608 0.5001 0 1 -0
-52.5 50 60 0.6608 0.5001 0 1 -0
-52.5 50 -60 0.6608 0.3422 0 1 -0
-57.5 50 -60 0.8188 0.3422 0 1 -0
-57.5 50 60 0.9223 0.3982 -0 0 1
-57.5 0 60 0.9223 0.5001 -0 0 1
-52.5 0 60 0.8203 0.5001 -0 0 1
-52.5 0 60 0.8203 0.5001 -0 0 1
-52.5 50 60 0.8203 0.3982 -0 0 1
-57.5 50 60 0.9223 0.3982 -0 0 1
-57.5 50 -60 0.4995 0 -1 0 -0
-57.5 -0 -60 0.4995 0.4995 -1 0 -0
-57.5 0 60 0 0.4995 -1 0 -0
-57.5 0 60 0 0.4995 -1 0 -0
-57.5 50 60 0 0 -1 0 -0
-57.5 50 -60 0.4995 0 -1 0 -0
-52.5 50 -60 0.9223 0.2952 0 -0 -1
-52.5 -0 -60 0.9223 0.3971 0 -0 -1
-57.5 -0 -60 0.8203 0.3971 0 -0 -1
-57.5 -0 -60 0.8203 0.3971 0 -0 -1
-57.5 50 -60 0.8203 0.2952 0 -0 -1
-52.5 50 -60 0.9223 0.2952 0 -0 -1
-52.5 50 60 0.8764 0.5033 1 0 0
-52.5 0 60 0.8764 1.0056 1 0 0
-52.5 -0 -60 0.1266 1.0056 1 0 0
-52.5 -0 -60 0.1266 1.0056 1 0 0
-52.5 50 -60 0.1266 0.5033 1 0 0
-52.5 50 60 0.8764 0.5033 1 0 0
60 0 -57.5 0.5014 0.3422 0 -1 0
60 0 -52.5 0.6593 0.3422 0 -1 0
-60 0 -52.5 0.6593 0.5001 0 -1 0
-60 0 -52.5 0.6593 0.5001 0 -1 0
-60 0 -57.5 0.5014 0.5001 0 -1 0
60 0 -57.5 0.5014 0.3422 0 -1 0
60 50 -57.5 0.8188 0.3422 0 1 0
-60 50 -57.5 0.8188 0.5001 0 1 0
-60 50 -52.5 0.6608 0.5001 0 1 0
-60 50 -52.5 0.6608 0.5001 0 1 0
60 50 -52.5 0.6608 0.3422 0 1 0
60 50 -57.5 0.8188 0.3422 0 1 0
-60 50 -57.5 0.9223 0.3982 -1 0 0
-60 0 -57.5 0.9223 0.5001 -1 0 0
-60 0 -52.5 0.8203 0.5001 -1 0 0
-60 0 -52.5 0.8203 0.5001 -1 0 0
-60 50 -52.5 0.8203 0.3982 -1 0 0
-60 50 -57.5 0.9223 0.3982 -1 0 0
60 50 -57.5 0.4995 0 -0 0 -1
60 0 -57.5 0.4995 0.4995 -0 0 -1
-60 0 -57.5 0 0.4995 -0 0 -1
-60 0 -57.5 0 0.4995 -0 0 -1
-60 50 -57.5 0 0 -0 0 -1
60 50 -57.5 0.4995 0 -0 0 -1
60 50 -52.5 0.9223 0.2952 1 0 -0
60 0 -52.5 0.9223 0.3971 1 0 -0
60 0 -57.5 0.8203 0.3971 1 0 -0
60 0 -57.5 0.8203 0.3971 1 0 -0
60 50 -57.5 0.8203 0.2952 1 0 -0
60 50 -52.5 0.9223 0.2952 1 0 -0
-60 50 -52.5 0.8764 0.5033 0 0 1
-60 0 -52.5 0.8764 1.0056 0 0 1
60 0 -52.5 0.1266 1.0056 0 0 1
60 0 -52.5 0.1266 1.0056 0 0 1
60 50 -52.5 0.1266 0.5033 0 0 1
-60 50 -52.5 0.8764 0.5033 0 0 1
-55 2.5 -60 0.5014 0.3422 -1 0 0
-55 -2.5 -60 0.6593 0.3422 -1 0 0
-55 -2.5 60 0.6593 0.5001 -1 0 0
-55 -2.5 60 0.6593 0.5001 -1 0 0
-55 2.5 60 0.5014 0.5001 -1 0 0
-55 2.5 -60 0.5014 0.3422 -1 0 0
56.0843 2.5 -60 0.8188 0.3422 1 -0 -0
56.0844 2.5 60 0.8188 0.5001 1 -0 -0
56.0843 -2.5 60 0.6608 0.5001 1 -0 -0
56.0843 -2.5 60 0.6608 0.5001 1 -0 -0
56.0843 -2.5 -60 0.6608 0.3422 1 -0 -0
56.0843 2.5 -60 0.8188 0.3422 1 -0 -0
56.0844 2.5 60 0.9223 0.3982 0 0 1
-55 2.5 60 0.9223 0.5001 0 0 1
-55 -2.5 60 0.8203 0.5001 0 0 1
-55 -2.5 60 0.8203 0.5001 0 0 1
56.0843 -2.5 60 0.8203 0.3982 0 0 1
56.0844 2.5 60 0.9223 0.3982 0 0 1
56.0843 2.5 -60 0.4995 0 0 1 -0
-55 2.5 -60 0.4995 0.4995 0 1 -0
-55 2.5 60 0 0.4995 0 1 -0
-55 2.5 60 0 0.4995 0 1 -0
56.0844 2.5 60 0 0 0 1 -0
56.0843 2.5 -60 0.4995 0 0 1 -0
56.0843 -2.5 -60 0.9223 0.2952 -0 -0 -1
-55 -2.5 -60 0.9223 0.3971 -0 -0 -1
-55 2.5 -60 0.8203 0.3971 -0 -0 -1
-55 2.5 -60 0.8203 0.3971 -0 -0 -1
56.0843 2.5 -60 0.8203 0.2952 -0 -0 -1
56.0843 -2.5 -60 0.9223 0.2952 -0 -0 -1
56.0843 -2.5 60 0.8764 0.5033 -0 -1 0
-55 -2.5 60 0.8764 1.0056 -0 -1 0
-55 -2.5 -60 0.1266 1.0056 -0 -1 0
-55 -2.5 -60 0.1266 1.0056 -0 -1 0
56.0843 -2.5 -60 0.1266 0.5033 -0 -1 0
56.0843 -2.5 60 0.8764 0.5033 -0 -1 0
-54.9989 47.5 60 0.5014 0.3422 -1 0 0
-54.9989 52.5 60 0.6593 0.3422 -1 0 0
-55.0011 52.5 -60 0.6593 0.5001 -1 0 0
-55.0011 52.5 -60 0.6593 0.5001 -1 0 0
-55.0011 47.5 -60 0.5014 0.5001 -1 0 0
-54.9989 47.5 60 0.5014 0.3422 -1 0 0
56.0854 47.5 59.998 0.8188 0.3422 1 -0 -0
56.0833 47.5 -60.002 0.8188 0.5001 1 -0 -0
56.0833 52.5 -60.002 0.6608 0.5001 1 -0 -0
56.0833 52.5 -60.002 0.6608 0.5001 1 -0 -0
56.0854 52.5 59.998 0.6608 0.3422 1 -0 -0
56.0854 47.5 59.998 0.8188 0.3422 1 -0 -0
56.0833 47.5 -60.002 0.9223 0.3982 -0 0 -1
-55.0011 47.5 -60 0.9223 0.5001 -0 0 -1
-55.0011 52.5 -60 0.8203 0.5001 -0 0 -1
-55.0011 52.5 -60 0.8203 0.5001 -0 0 -1
56.0833 52.5 -60.002 0.8203 0.3982 -0 0 -1
56.0833 47.5 -60.002 0.9223 0.3982 -0 0 -1
56.0854 47.5 59.998 0.4995 0 0 -1 -0
-54.9989 47.5 60 0.4995 0.4995 0 -1 -0
-55.0011 47.5 -60 0 0.4995 0 -1 -0
-55.0011 47.5 -60 0 0.4995 0 -1 -0
56.0833 47.5 -60.002 0 0 0 -1 -0
56.0854 47.5 59.998 0.4995 0 0 -1 -0
56.0854 52.5 59.998 0.9223 0.2952 0 -0 1
-54.9989 52.5 60 0.9223 0.3971 0 -0 1
-54.9989 47.5 60 0.8203 0.3971 0 -0 1
-54.9989 47.5 60 0.8203 0.3971 0 -0 1
56.0854 47.5 59.998 0.8203 0.2952 0 -0 1
56.0854 52.5 59.998 0.9223 0.2952 0 -0 1
56.0833 52.5 -60.002 0.8764 0.5033 -0 1 0
-55.0011 52.5 -60 0.8764 1.0056 -0 1 0
-54.9989 52.5 60 0.1266 1.0056 -0 1 0
-54.9989 52.5 60 0.1266 1.0056 -0 1 0
56.0854 52.5 59.998 0.1266 0.5033 -0 1 0
56.0833 52.5 -60.002 0.8764 0.5033 -0 1 0
