Vertex Count: 396

Data:

-27.454 2.0806 -26.8383 0 0 0 -0.7071 -0.7071
-27.454 5.6161 -30.3738 1 0 0 -0.7071 -0.7071
-22.454 5.6161 -30.3738 1 1 0 -0.7071 -0.7071
-22.454 5.6161 -30.3738 1 1 0 -0.7071 -0.7071
-22.454 2.0806 -26.8383 0 1 0 -0.7071 -0.7071
-27.454 2.0806 -26.8383 0 0 0 -0.7071 -0.7071
-27.454 55.1136 26.1947 1 0 -0 0.7071 0.7071
-22.454 55.1136 26.1947 1 1 -0 0.7071 0.7071
-22.454 58.6491 22.6592 0 1 -0 0.7071 0.7071
-22.454 58.6491 22.6592 0 1 -0 0.7071 0.7071
-27.454 58.6491 22.6592 0 0 -0 0.7071 0.7071
-27.454 55.1136 26.1947 1 0 -0 0.7071 0.7071
-22.454 55.1136 26.1947 1 0 1 0 0
-22.454 2.0806 -26.8383 1 1 1 0 0
-22.454 5.6161 -30.3738 0 1 1 0 0
-22.454 5.6161 -30.3738 0 1 1 0 0
-22.454 58.6491 22.6592 0 0 1 0 0
-22.454 55.1136 26.1947 1 0 1 0 0
-27.454 55.1136 26.1947 1 0 -0 -0.7071 0.7071
-27.454 2.0806 -26.8383 1 1 -0 -0.7071 0.7071
-22.454 2.0806 -26.8383 0 1 -0 -0.7071 0.7071
-22.454 2.0806 -26.8383 0 1 -0 -0.7071 0.7071
-22.454 55.1136 26.1947 0 0 -0 -0.7071 0.7071
-27.454 55.1136 26.1947 1 0 -0 -0.7071 0.7071
-27.454 58.6491 22.6592 1 0 -1 0 -0
-27.454 5.6161 -30.3738 1 1 -1 0 -0
-27.454 2.0806 -26.8383 0 1 -1 0 -0
-27.454 2.0806 -26.8383 0 1 -1 0 -0
-27.454 55.1136 26.1947 0 0 -1 0 -0
-27.454 58.6491 22.6592 1 0 -1 0 -0
-22.454 58.6491 22.6592 1 0 0 0.7071 -0.7071
-22.454 5.6161 -30.3738 1 1 0 0.7071 -0.7071
-27.454 5.6161 -30.3738 0 1 0 0.7071 -0.7071
-27.454 5.6161 -30.3738 0 1 0 0.7071 -0.7071
-27.454 58.6491 22.6592 0 0 0 0.7071 -0.7071
-22.454 58.6491 22.6592 1 0 0 0.7071 -0.7071
-26.954 5.6161 32.965 0 0 -0 -0.7071 0.7071
-26.954 2.0806 29.4295 1 0 -0 -0.7071 0.7071
-22.954 2.0806 29.4295 1 1 -0 -0.7071 0.7071
-22.954 2.0806 29.4295 1 1 -0 -0.7071 0.7071
-22.954 5.6161 32.965 0 1 -0 -0.7071 0.7071
-26.954 5.6161 32.965 0 0 -0 -0.7071 0.7071
-26.954 58.6491 -20.068 1 0 0 0.7071 -0.7071
-22.954 58.6491 -20.068 1 1 0 0.7071 -0.7071
-22.954 55.1136 -23.6035 0 1 0 0.7071 -0.7071
-22.954 55.1136 -23.6035 0 1 0 0.7071 -0.7071
-26.954 55.1136 -23.6035 0 0 0 0.7071 -0.7071
-26.954 58.6491 -20.068 1 0 0 0.7071 -0.7071
-22.954 58.6491 -20.068 1 0 1 0 0
-22.954 5.6161 32.965 1 1 1 0 0
-22.954 2.0806 29.4295 0 1 1 0 0
-22.954 2.0806 29.4295 0 1 1 0 0
-22.954 55.1136 -23.6035 0 0 1 0 0
-22.954 58.6491 -20.068 1 0 1 0 0
-26.954 58.6491 -20.068 1 0 -0 0.7071 0.7071
-26.954 5.6161 32.965 1 1 -0 0.7071 0.7071
-22.954 5.6161 32.965 0 1 -0 0.7071 0.7071
-22.954 5.6161 32.965 0 1 -0 0.7071 0.7071
-22.954 58.6491 -20.068 0 0 -0 0.7071 0.7071
-26.954 58.6491 -20.068 1 0 -0 0.7071 0.7071
-26.954 55.1136 -23.6035 1 0 -1 0 -0
-26.954 2.0806 29.4295 1 1 -1 0 -0
-26.954 5.6161 32.965 0 1 -1 0 -0
-26.954 5.6161 32.965 0 1 -1 0 -0
-26.954 58.6491 -20.068 0 0 -1 0 -0
-26.954 55.1136 -23.6035 1 0 -1 0 -0
-22.954 55.1136 -23.6035 1 0 0 -0.7071 -0.7071
-22.954 2.0806 29.4295 1 1 0 -0.7071 -0.7071
-26.954 2.0806 29.4295 0 1 0 -0.7071 -0.7071
-26.954 2.0806 29.4295 0 1 0 -0.7071 -0.7071
-26.954 55.1136 -23.6035 0 0 0 -0.7071 -0.7071
-22.954 55.1136 -23.6035 1 0 0 -0.7071 -0.7071
23.046 5.6161 32.965 0 0 -0 -0.7071 0.7071
23.046 2.0806 29.4295 1 0 -0 -0.7071 0.7071
27.046 2.0806 29.4295 1 1 -0 -0.7071 0.7071
27.046 2.0806 29.4295 1 1 -0 -0.7071 0.7071
27.046 5.6161 32.965 0 1 -0 -0.7071 0.7071
23.046 5.6161 32.965 0 0 -0 -0.7071 0.7071
23.046 58.6491 -20.068 1 0 0 0.7071 -0.7071
27.046 58.6491 -20.068 1 1 0 0.7071 -0.7071
27.046 55.1136 -23.6035 0 1 0 0.7071 -0.7071
27.046 55.1136 -23.6035 0 1 0 0.7071 -0.7071
23.046 55.1136 -23.6035 0 0 0 0.7071 -0.7071
23.046 58.6491 -20.068 1 0 0 0.7071 -0.7071
27.046 58.6491 -20.068 1 0 1 0 0
27.046 5.6161 32.965 1 1 1 0 0
27.046 2.0806 29.4295 0 1 1 0 0
27.046 2.0806 29.4295 0 1 1 0 0
27.046 55.1136 -23.6035 0 0 1 0 0
27.046 58.6491 -20.068 1 0 1 0 0
23.046 58.6491 -20.068 1 0 -0 0.7071 0.7071
23.046 5.6161 32.965 1 1 -0 0.7071 0.7071
27.046 5.6161 32.965 0 1 -0 0.7071 0.7071
27.046 5.6161 32.965 0 1 -0 0.7071 0.7071
27.046 58.6491 -20.068 0 0 -0 0.7071 0.7071
23.046 58.6491 -20.068 1 0 -0 0.7071 0.7071
23.046 55.1136 -23.6035 1 0 -1 0 -0
23.046 2.0806 29.4295 1 1 -1 0 -0
23.046 5.6161 32.965 0 1 -1 0 -0
23.046 5.6161 32.965 0 1 -1 0 -0
23.046 58.6491 -20.068 0 0 -1 0 -0
23.046 55.1136 -23.6035 1 0 -1 0 -0
27.046 55.1136 -23.6035 1 0 0 -0.7071 -0.7071
27.046 2.0806 29.4295 1 1 0 -0.7071 -0.7071
23.046 2.0806 29.4295 0 1 0 -0.7071 -0.7071
23.046 2.0806 29.4295 0 1 0 -0.7071 -0.7071
23.046 55.1136 -23.6035 0 0 0 -0.7071 -0.7071
27.046 55.1136 -23.6035 1 0 0 -0.7071 -0.7071
22.546 2.0806 -26.8383 0 0 0 -0.7071 -0.7071
22.546 5.6161 -30.3738 1 0 0 -0.7071 -0.7071
27.546 5.6161 -30.3738 1 1 0 -0.7071 -0.7071
27.546 5.6161 -30.3738 1 1 0 -0.7071 -0.7071
27.546 2.0806 -26.8383 0 1 0 -0.7071 -0.7071
22.546 2.0806 -26.8383 0 0 0 -0.7071 -0.7071
22.546 55.1136 26.1947 1 0 -0 0.7071 0.7071
27.546 55.1136 26.1947 1 1 -0 0.7071 0.7071
27.546 58.6491 22.6592 0 1 -0 0.7071 0.7071
27.546 58.6491 22.6592 0 1 -0 0.7071 0.7071
22.546 58.6491 22.6592 0 0 -0 0.7071 0.7071
22.546 55.1136 26.1947 1 0 -0 0.7071 0.7071
27.546 55.1136 26.1947 1 0 1 0 0
27.546 2.0806 -26.8383 1 1 1 0 0
27.546 5.6161 -30.3738 0 1 1 0 0
27.546 5.6161 -30.3738 0 1 1 0 0
27.546 58.6491 22.6592 0 0 1 0 0
27.546 55.1136 26.1947 1 0 1 0 0
22.546 55.1136 26.1947 1 0 -0 -0.7071 0.7071
22.546 2.0806 -26.8383 1 1 -0 -0.7071 0.7071
27.546 2.0806 -26.8383 0 1 -0 -0.7071 0.7071
27.546 2.0806 -26.8383 0 1 -0 -0.7071 0.7071
27.546 55.1136 26.1947 0 0 -0 -0.7071 0.7071
22.546 55.1136 26.1947 1 0 -0 -0.7071 0.7071
22.546 58.6491 22.6592 1 0 -1 0 -0
22.546 5.6161 -30.3738 1 1 -1 0 -0
22.546 2.0806 -26.8383 0 1 -1 0 -0
22.546 2.0806 -26.8383 0 1 -1 0 -0
22.546 55.1136 26.1947 0 0 -1 0 -0
22.546 58.6491 22.6592 1 0 -1 0 -0
27.546 58.6491 22.6592 1 0 0 0.7071 -0.7071
27.546 5.6161 -30.3738 1 1 0 0.7071 -0.7071
22.546 5.6161 -30.3738 0 1 0 0.7071 -0.7071
22.546 5.6161 -30.3738 0 1 0 0.7071 -0.7071
22.546 58.6491 22.6592 0 0 0 0.7071 -0.7071
27.546 58.6491 22.6592 1 0 0 0.7071 -0.7071
-30.184 54.909 31.2956 0 0 0 -1 0
-30.184 54.909 -28.7044 1 0 0 -1 0
29.816 54.909 -28.7044 1 1 0 -1 0
29.816 54.909 -28.7044 1 1 0 -1 0
29.816 54.909 31.2956 0 1 0 -1 0
-30.184 54.909 31.2956 0 0 0 -1 0
-30.184 59.909 31.2956 1 0 0 1 0
29.816 59.909 31.2956 1 1 0 1 0
29.816 59.909 -28.7044 0 1 0 1 0
29.816 59.909 -28.7044 0 1 0 1 0
-30.184 59.909 -28.7044 0 0 0 1 0
-30.184 59.909 31.2956 1 0 0 1 0
29.816 59.909 31.2956 1 0 1 0 0
29.816 54.909 31.2956 1 1 1 0 0
29.816 54.909 -28.7044 0 1 1 0 0
29.816 54.909 -28.7044 0 1 1 0 0
29.816 59.909 -28.7044 0 0 1 0 0
29.816 59.909 31.2956 1 0 1 0 0
-30.184 59.909 31.2956 1 0 -0 0 1
-30.184 54.909 31.2956 1 1 -0 0 1
29.816 54.909 31.2956 0 1 -0 0 1
29.816 54.909 31.2956 0 1 -0 0 1
29.816 59.909 31.2956 0 0 -0 0 1
-30.184 59.909 31.2956 1 0 -0 0 1
-30.184 59.909 -28.7044 1 0 -1 0 -0
-30.184 54.909 -28.7044 1 1 -1 0 -0
-30.184 54.909 31.2956 0 1 -1 0 -0
-30.184 54.909 31.2956 0 1 -1 0 -0
-30.184 59.909 31.2956 0 0 -1 0 -0
-30.184 59.909 -28.7044 1 0 -1 0 -0
29.816 59.909 -28.7044 1 0 0 0 -1
29.816 54.909 -28.7044 1 1 0 0 -1
-30.184 54.909 -28.7044 0 1 0 0 -1
-30.184 54.909 -28.7044 0 1 0 0 -1
-30.184 59.909 -28.7044 0 0 0 0 -1
29.816 59.909 -28.7044 1 0 0 0 -1
-30.0388 70.5061 45.4323 0 0 -1 0 0
-30.0388 74.0416 41.8968 1 0 -1 0 0
-30.0388 59.8995 27.7546 1 1 -1 0 0
-30.0388 59.8995 27.7546 1 1 -1 0 0
-30.0388 56.3639 31.2902 0 1 -1 0 0
-30.0388 70.5061 45.4323 0 0 -1 0 0
-25.0388 70.5061 45.4323 1 0 1 -0 -0
-25.0388 56.3639 31.2902 1 1 1 -0 -0
-25.0388 59.8995 27.7546 0 1 1 -0 -0
-25.0388 59.8995 27.7546 0 1 1 -0 -0
-25.0388 74.0416 41.8968 0 0 1 -0 -0
-25.0388 70.5061 45.4323 1 0 1 -0 -0
-25.0388 56.3639 31.2902 1 0 -0 -0.7071 -0.7071
-30.0388 56.3639 31.2902 1 1 -0 -0.7071 -0.7071
-30.0388 59.8995 27.7546 0 1 -0 -0.7071 -0.7071
-30.0388 59.8995 27.7546 0 1 -0 -0.7071 -0.7071
-25.0388 59.8995 27.7546 0 0 -0 -0.7071 -0.7071
-25.0388 56.3639 31.2902 1 0 -0 -0.7071 -0.7071
-25.0388 70.5061 45.4323 1 0 0 -0.7071 0.7071
-30.0388 70.5061 45.4323 1 1 0 -0.7071 0.7071
-30.0388 56.3639 31.2902 0 1 0 -0.7071 0.7071
-30.0388 56.3639 31.2902 0 1 0 -0.7071 0.7071
-25.0388 56.3639 31.2902 0 0 0 -0.7071 0.7071
-25.0388 70.5061 45.4323 1 0 0 -0.7071 0.7071
-25.0388 74.0416 41.8968 1 0 0 0.7071 0.7071
-30.0388 74.0416 41.8968 1 1 0 0.7071 0.7071
-30.0388 70.5061 45.4323 0 1 0 0.7071 0.7071
-30.0388 70.5061 45.4323 0 1 0 0.7071 0.7071
-25.0388 70.5061 45.4323 0 0 0 0.7071 0.7071
-25.0388 74.0416 41.8968 1 0 0 0.7071 0.7071
-25.0388 59.8995 27.7546 1 0 -0 0.7071 -0.7071
-30.0388 59.8995 27.7546 1 1 -0 0.7071 -0.7071
-30.0388 74.0416 41.8968 0 1 -0 0.7071 -0.7071
-30.0388 74.0416 41.8968 0 1 -0 0.7071 -0.7071
-25.0388 74.0416 41.8968 0 0 -0 0.7071 -0.7071
-25.0388 59.8995 27.7546 1 0 -0 0.7071 -0.7071
24.6604 70.5061 45.4323 0 0 -1 0 0
24.6604 74.0416 41.8968 1 0 -1 0 0
24.6603 59.8995 27.7546 1 1 -1 0 0
24.6603 59.8995 27.7546 1 1 -1 0 0
24.6603 56.3639 31.2902 0 1 -1 0 0
24.6604 70.5061 45.4323 0 0 -1 0 0
29.6604 70.5061 45.4323 1 0 1 -0 -0
29.6603 56.3639 31.2902 1 1 1 -0 -0
29.6603 59.8995 27.7546 0 1 1 -0 -0
29.6603 59.8995 27.7546 0 1 1 -0 -0
29.6604 74.0416 41.8968 0 0 1 -0 -0
29.6604 70.5061 45.4323 1 0 1 -0 -0
29.6603 56.3639 31.2902 1 0 -0 -0.7071 -0.7071
24.6603 56.3639 31.2902 1 1 -0 -0.7071 -0.7071
24.6603 59.8995 27.7546 0 1 -0 -0.7071 -0.7071
24.6603 59.8995 27.7546 0 1 -0 -0.7071 -0.7071
29.6603 59.8995 27.7546 0 0 -0 -0.7071 -0.7071
29.6603 56.3639 31.2902 1 0 -0 -0.7071 -0.7071
29.6604 70.5061 45.4323 1 0 0 -0.7071 0.7071
24.6604 70.5061 45.4323 1 1 0 -0.7071 0.7071
24.6603 56.3639 31.2902 0 1 0 -0.7071 0.7071
24.6603 56.3639 31.2902 0 1 0 -0.7071 0.7071
29.6603 56.3639 31.2902 0 0 0 -0.7071 0.7071
29.6604 70.5061 45.4323 1 0 0 -0.7071 0.7071
29.6604 74.0416 41.8968 1 0 0 0.7071 0.7071
24.6604 74.0416 41.8968 1 1 0 0.7071 0.7071
24.6604 70.5061 45.4323 0 1 0 0.7071 0.7071
24.6604 70.5061 45.4323 0 1 0 0.7071 0.7071
29.6604 70.5061 45.4323 0 0 0 0.7071 0.7071
29.6604 74.0416 41.8968 1 0 0 0.7071 0.7071
29.6603 59.8995 27.7546 1 0 -0 0.7071 -0.7071
24.6603 59.8995 27.7546 1 1 -0 0.7071 -0.7071
24.6604 74.0416 41.8968 0 1 -0 0.7071 -0.7071
24.6604 74.0416 41.8968 0 1 -0 0.7071 -0.7071
29.6604 74.0416 41.8968 0 0 -0 0.7071 -0.7071
29.6603 59.8995 27.7546 1 0 -0 0.7071 -0.7071
29.409 120.537 45.4224 0 0 0 -0 1
24.909 120.537 45.4224 1 0 0 -0 1
24.909 70.5373 45.4224 1 1 0 -0 1
24.909 70.5373 45.4224 1 1 0 -0 1
29.409 70.5373 45.4224 0 1 0 -0 1
29.409 120.537 45.4224 0 0 0 -0 1
29.409 120.537 40.4224 1 0 -0 0 -1
29.409 70.5373 40.4224 1 1 -0 0 -1
24.909 70.5373 40.4224 0 1 -0 0 -1
24.909 70.5373 40.4224 0 1 -0 0 -1
24.909 120.537 40.4224 0 0 -0 0 -1
29.409 120.537 40.4224 1 0 -0 0 -1
29.409 70.5373 40.4224 1 0 0 -1 -0
29.409 70.5373 45.4224 1 1 0 -1 -0
24.909 70.5373 45.4224 0 1 0 -1 -0
24.909 70.5373 45.4224 0 1 0 -1 -0
24.909 70.5373 40.4224 0 0 0 -1 -0
29.409 70.5373 40.4224 1 0 0 -1 -0
29.409 120.537 40.4224 1 0 1 0 -0
29.409 120.537 45.4224 1 1 1 0 -0
29.409 70.5373 45.4224 0 1 1 0 -0
29.409 70.5373 45.4224 0 1 1 0 -0
29.409 70.5373 40.4224 0 0 1 0 -0
29.409 120.537 40.4224 1 0 1 0 -0
24.909 120.537 40.4224 1 0 -0 1 0
24.909 120.537 45.4224 1 1 -0 1 0
29.409 120.537 45.4224 0 1 -0 1 0
29.409 120.537 45.4224 0 1 -0 1 0
29.409 120.537 40.4224 0 0 -0 1 0
24.909 120.537 40.4224 1 0 -0 1 0
24.909 70.5373 40.4224 1 0 -1 -0 0
24.909 70.5373 45.4224 1 1 -1 -0 0
24.909 120.537 45.4224 0 1 -1 -0 0
24.909 120.537 45.4224 0 1 -1 -0 0
24.909 120.537 40.4224 0 0 -1 -0 0
24.909 70.5373 40.4224 1 0 -1 -0 0
-25.3064 120.537 45.4224 0 0 0 -0 1
-29.8064 120.537 45.4224 1 0 0 -0 1
-29.8064 70.5373 45.4224 1 1 0 -0 1
-29.8064 70.5373 45.4224 1 1 0 -0 1
-25.3064 70.5373 45.4224 0 1 0 -0 1
-25.3064 120.537 45.4224 0 0 0 -0 1
-25.3064 120.537 40.4224 1 0 -0 0 -1
-25.3064 70.5373 40.4224 1 1 -0 0 -1
-29.8064 70.5373 40.4224 0 1 -0 0 -1
-29.8064 70.5373 40.4224 0 1 -0 0 -1
-29.8064 120.537 40.4224 0 0 -0 0 -1
-25.3064 120.537 40.4224 1 0 -0 0 -1
-25.3064 70.5373 40.4224 1 0 0 -1 -0
-25.3064 70.5373 45.4224 1 1 0 -1 -0
-29.8064 70.5373 45.4224 0 1 0 -1 -0
-29.8064 70.5373 45.4224 0 1 0 -1 -0
-29.8064 70.5373 40.4224 0 0 0 -1 -0
-25.3064 70.5373 40.4224 1 0 0 -1 -0
-25.3064 120.537 40.4224 1 0 1 0 -0
-25.3064 120.537 45.4224 1 1 1 0 -0
-25.3064 70.5373 45.4224 0 1 1 0 -0
-25.3064 70.5373 45.4224 0 1 1 0 -0
-25.3064 70.5373 40.4224 0 0 1 0 -0
-25.3064 120.537 40.4224 1 0 1 0 -0
-29.8064 120.537 40.4224 1 0 -0 1 0
-29.8064 120.537 45.4224 1 1 -0 1 0
-25.3064 120.537 45.4224 0 1 -0 1 0
-25.3064 120.537 45.4224 0 1 -0 1 0
-25.3064 120.537 40.4224 0 0 -0 1 0
-29.8064 120.537 40.4224 1 0 -0 1 0
-29.8064 70.5373 40.4224 1 0 -1 -0 0
-29.8064 70.5373 45.4224 1 1 -1 -0 0
-29.8064 120.537 45.4224 0 1 -1 -0 0
-29.8064 120.537 45.4224 0 1 -1 -0 0
-29.8064 120.537 40.4224 0 0 -1 -0 0
-29.8064 70.5373 40.4224 1 0 -1 -0 0
24.7812 100 46 0 0 0 -1 0
-25.2188 100 46 1 0 0 -1 0
-25.2188 100 41 1 1 0 -1 0
-25.2188 100 41 1 1 0 -1 0
24.7812 100 41 0 1 0 -1 0
24.7812 100 46 0 0 0 -1 0
24.7812 120 46 1 0 0 1 0
24.7812 120 41 1 1 0 1 0
-25.2188 120 41 0 1 0 1 0
-25.2188 120 41 0 1 0 1 0
-25.2188 120 46 0 0 0 1 0
24.7812 120 46 1 0 0 1 0
24.7812 120 41 1 0 0 0 -1
24.7812 100 41 1 1 0 0 -1
-25.2188 100 41 0 1 0 0 -1
-25.2188 100 41 0 1 0 0 -1
-25.2188 120 41 0 0 0 0 -1
24.7812 120 41 1 0 0 0 -1
24.7812 120 46 1 0 1 0 0
24.7812 100 46 1 1 1 0 0
24.7812 100 41 0 1 1 0 0
24.7812 100 41 0 1 1 0 0
24.7812 120 41 0 0 1 0 0
24.7812 120 46 1 0 1 0 0
-25.2188 120 46 1 0 0 0 1
-25.2188 100 46 1 1 0 0 1
24.7812 100 46 0 1 0 0 1
24.7812 100 46 0 1 0 0 1
24.7812 120 46 0 0 0 0 1
-25.2188 120 46 1 0 0 0 1
-25.2188 120 41 1 0 -1 0 0
-25.2188 100 41 1 1 -1 0 0
-25.2188 100 46 0 1 -1 0 0
-25.2188 100 46 0 1 -1 0 0
-25.2188 120 46 0 0 -1 0 0
-25.2188 120 41 1 0 -1 0 0
24.7812 75 46 0 0 0 -1 0
-25.2188 75 46 1 0 0 -1 0
-25.2188 75 41 1 1 0 -1 0
-25.2188 75 41 1 1 0 -1 0
24.7812 75 41 0 1 0 -1 0
24.7812 75 46 0 0 0 -1 0
24.7812 95 46 1 0 0 1 0
24.7812 95 41 1 1 0 1 0
-25.2188 95 41 0 1 0 1 0
-25.2188 95 41 0 1 0 1 0
-25.2188 95 46 0 0 0 1 0
24.7812 95 46 1 0 0 1 0
24.7812 95 41 1 0 0 0 -1
24.7812 75 41 1 1 0 0 -1
-25.2188 75 41 0 1 0 0 -1
-25.2188 75 41 0 1 0 0 -1
-25.2188 95 41 0 0 0 0 -1
24.7812 95 41 1 0 0 0 -1
24.7812 95 46 1 0 1 0 0
24.7812 75 46 1 1 1 0 0
24.7812 75 41 0 1 1 0 0
24.7812 75 41 0 1 1 0 0
24.7812 95 41 0 0 1 0 0
24.7812 95 46 1 0 1 0 0
-25.2188 95 46 1 0 0 0 1
-25.2188 75 46 1 1 0 0 1
24.7812 75 46 0 1 0 0 1
24.7812 75 46 0 1 0 0 1
24.7812 95 46 0 0 0 0 1
-25.2188 95 46 1 0 0 0 1
-25.2188 95 41 1 0 -1 0 0
-25.2188 75 41 1 1 -1 0 0
-25.2188 75 46 0 1 -1 0 0
-25.2188 75 46 0 1 -1 0 0
-25.2188 95 46 0 0 -1 0 0
-25.2188 95 41 1 0 -1 0 0
