Vertex Count: 420

Data:

5 0 5 0.6961 0.0226 0 -1 0
-5 0 5 0.7654 0.0226 0 -1 0
-5 0 -5 0.7654 0.0918 0 -1 0
-5 0 -5 0.7654 0.0918 0 -1 0
5 0 -5 0.6961 0.0918 0 -1 0
5 0 5 0.6961 0.0226 0 -1 0
5 25 5 0.8459 0.1031 0 1 0
5 25 -5 0.8459 0.1723 0 1 0
-5 25 -5 0.7767 0.1723 0 1 0
-5 25 -5 0.7767 0.1723 0 1 0
-5 25 5 0.7767 0.1031 0 1 0
5 25 5 0.8459 0.1031 0 1 0
5 25 -5 0.3745 0.3755 0 0 -1
5 0 -5 0.3745 0.6245 0 0 -1
-5 0 -5 0.2505 0.6245 0 0 -1
-5 0 -5 0.2505 0.6245 0 0 -1
-5 25 -5 0.2505 0.3755 0 0 -1
5 25 -5 0.3745 0.3755 0 0 -1
5 25 5 0.2495 0.3755 1 0 0
5 0 5 0.2495 0.6245 1 0 0
5 0 -5 0.1255 0.6245 1 0 0
5 0 -5 0.1255 0.6245 1 0 0
5 25 -5 0.1255 0.3755 1 0 0
5 25 5 0.2495 0.3755 1 0 0
-5 25 5 0.1245 0.3755 0 0 1
-5 0 5 0.1245 0.6245 0 0 1
5 0 5 0.0005 0.6245 0 0 1
5 0 5 0.0005 0.6245 0 0 1
5 25 5 0.0005 0.3755 0 0 1
-5 25 5 0.1245 0.3755 0 0 1
-5 25 -5 0.4995 0.3755 -1 0 0
-5 0 -5 0.4995 0.6245 -1 0 0
-5 0 5 0.3755 0.6245 -1 0 0
-5 0 5 0.3755 0.6245 -1 0 0
-5 25 5 0.3755 0.3755 -1 0 0
-5 25 -5 0.4995 0.3755 -1 0 0
1.3024 90 -37.3861 0.0194 0.2497 0 -1 0
3.75 90 -36.4952 0.034 0.2497 0 -1 0
5.7453 90 -34.8209 0.061 0.2497 0 -1 0
-3.75 90 -36.4952 0.033 0.2497 0 -1 0
-1.3024 90 -37.3861 0.0191 0.2497 0 -1 0
1.3024 90 -37.3861 0.0194 0.2497 0 -1 0
-7.0477 90 -32.5652 0.0953 0.2497 0 -1 0
-5.7453 90 -34.8209 0.0594 0.2497 0 -1 0
-3.75 90 -36.4952 0.033 0.2497 0 -1 0
-7.0477 90 -32.5652 0.0953 0.2497 0 -1 0
-3.75 90 -36.4952 0.033 0.2497 0 -1 0
1.3024 90 -37.3861 0.0194 0.2497 0 -1 0
-7.0477 90 -27.4348 0.1772 0.2497 0 -1 0
-7.5 90 -30 0.1362 0.2497 0 -1 0
-7.0477 90 -32.5652 0.0953 0.2497 0 -1 0
-3.75 90 -23.5048 0.2404 0.2497 0 -1 0
-5.7453 90 -25.1791 0.2134 0.2497 0 -1 0
-7.0477 90 -27.4348 0.1772 0.2497 0 -1 0
-3.75 90 -23.5048 0.2404 0.2497 0 -1 0
-7.0477 90 -27.4348 0.1772 0.2497 0 -1 0
-7.0477 90 -32.5652 0.0953 0.2497 0 -1 0
1.3024 90 -22.6139 0.2553 0.2497 0 -1 0
-1.3024 90 -22.6139 0.2549 0.2497 0 -1 0
-3.75 90 -23.5048 0.2404 0.2497 0 -1 0
5.7453 90 -25.1791 0.2275 0.2497 0 -1 0
3.75 90 -23.5048 0.2414 0.2497 0 -1 0
1.3024 90 -22.6139 0.2553 0.2497 0 -1 0
5.7453 90 -25.1791 0.2275 0.2497 0 -1 0
1.3024 90 -22.6139 0.2553 0.2497 0 -1 0
-3.75 90 -23.5048 0.2404 0.2497 0 -1 0
5.7453 90 -25.1791 0.2275 0.2497 0 -1 0
-3.75 90 -23.5048 0.2404 0.2497 0 -1 0
-7.0477 90 -32.5652 0.0953 0.2497 0 -1 0
5.7453 90 -25.1791 0.2275 0.2497 0 -1 0
-7.0477 90 -32.5652 0.0953 0.2497 0 -1 0
1.3024 90 -37.3861 0.0194 0.2497 0 -1 0
7.5 90 -30 0.1997 0.2497 0 -1 0
7.0477 90 -27.4348 0.2136 0.2497 0 -1 0
5.7453 90 -25.1791 0.2275 0.2497 0 -1 0
7.5 90 -30 0.1997 0.2497 0 -1 0
5.7453 90 -25.1791 0.2275 0.2497 0 -1 0
1.3024 90 -37.3861 0.0194 0.2497 0 -1 0
7.5 90 -30 0.1997 0.2497 0 -1 0
1.3024 90 -37.3861 0.0194 0.2497 0 -1 0
5.7453 90 -34.8209 0.061 0.2497 0 -1 0
7.5 90 -30 0.1997 0.2497 0 -1 0
5.7453 90 -34.8209 0.061 0.2497 0 -1 0
7.0477 90 -32.5652 0.0972 0.2497 0 -1 0
7.0477 107.5 -27.4348 0.2136 0.00440001 0.9397 0 0.342
7.0477 90 -27.4348 0.2136 0.2497 0.9397 0 0.342
7.5 90 -30 0.1997 0.2497 1 0 -0
7.5 90 -30 0.1997 0.2497 1 0 -0
7.5 107.5 -30 0.1997 0.00440001 1 0 -0
7.0477 107.5 -27.4348 0.2136 0.00440001 0.9397 0 0.342
5.7453 107.5 -25.1791 0.2275 0.00440001 0.766 0 0.6428
5.7453 90 -25.1791 0.2275 0.2497 0.766 0 0.6428
7.0477 90 -27.4348 0.2136 0.2497 0.9397 0 0.342
7.0477 90 -27.4348 0.2136 0.2497 0.9397 0 0.342
7.0477 107.5 -27.4348 0.2136 0.00440001 0.9397 0 0.342
5.7453 107.5 -25.1791 0.2275 0.00440001 0.766 0 0.6428
3.75 107.5 -23.5048 0.2414 0.00440001 0.5 0 0.866
3.75 90 -23.5048 0.2414 0.2497 0.5 0 0.866
5.7453 90 -25.1791 0.2275 0.2497 0.766 0 0.6428
5.7453 90 -25.1791 0.2275 0.2497 0.766 0 0.6428
5.7453 107.5 -25.1791 0.2275 0.00440001 0.766 0 0.6428
3.75 107.5 -23.5048 0.2414 0.00440001 0.5 0 0.866
1.3024 107.5 -22.6139 0.2553 0.00440001 0.1736 0 0.9848
1.3024 90 -22.6139 0.2553 0.2497 0.1736 0 0.9848
3.75 90 -23.5048 0.2414 0.2497 0.5 0 0.866
3.75 90 -23.5048 0.2414 0.2497 0.5 0 0.866
3.75 107.5 -23.5048 0.2414 0.00440001 0.5 0 0.866
1.3024 107.5 -22.6139 0.2553 0.00440001 0.1736 0 0.9848
-1.3024 107.5 -22.6139 0.0191 0.00440001 -0.1736 0 0.9848
-1.3024 90 -22.6139 0.0191 0.2497 -0.1736 0 0.9848
1.3024 90 -22.6139 0.0052 0.2497 0.1736 0 0.9848
1.3024 90 -22.6139 0.0052 0.2497 0.1736 0 0.9848
1.3024 107.5 -22.6139 0.0052 0.00440001 0.1736 0 0.9848
-1.3024 107.5 -22.6139 0.0191 0.00440001 -0.1736 0 0.9848
-3.75 107.5 -23.5048 0.033 0.00440001 -0.5 0 0.866
-3.75 90 -23.5048 0.033 0.2497 -0.5 0 0.866
-1.3024 90 -22.6139 0.0191 0.2497 -0.1736 0 0.9848
-1.3024 90 -22.6139 0.0191 0.2497 -0.1736 0 0.9848
-1.3024 107.5 -22.6139 0.0191 0.00440001 -0.1736 0 0.9848
-3.75 107.5 -23.5048 0.033 0.00440001 -0.5 0 0.866
-5.7453 107.5 -25.1791 0.0469 0.00440001 -0.766 0 0.6428
-5.7453 90 -25.1791 0.0469 0.2497 -0.766 0 0.6428
-3.75 90 -23.5048 0.033 0.2497 -0.5 0 0.866
-3.75 90 -23.5048 0.033 0.2497 -0.5 0 0.866
-3.75 107.5 -23.5048 0.033 0.00440001 -0.5 0 0.866
-5.7453 107.5 -25.1791 0.0469 0.00440001 -0.766 0 0.6428
-7.0477 107.5 -27.4348 0.0608 0.00440001 -0.9397 0 0.342
-7.0477 90 -27.4348 0.0608 0.2497 -0.9397 0 0.342
-5.7453 90 -25.1791 0.0469 0.2497 -0.766 0 0.6428
-5.7453 90 -25.1791 0.0469 0.2497 -0.766 0 0.6428
-5.7453 107.5 -25.1791 0.0469 0.00440001 -0.766 0 0.6428
-7.0477 107.5 -27.4348 0.0608 0.00440001 -0.9397 0 0.342
-7.5 107.5 -30 0.0747 0.00440001 -1 0 0
-7.5 90 -30 0.0747 0.2497 -1 0 0
-7.0477 90 -27.4348 0.0608 0.2497 -0.9397 0 0.342
-7.0477 90 -27.4348 0.0608 0.2497 -0.9397 0 0.342
-7.0477 107.5 -27.4348 0.0608 0.00440001 -0.9397 0 0.342
-7.5 107.5 -30 0.0747 0.00440001 -1 0 0
-7.0477 107.5 -32.5652 0.0886 0.00440001 -0.9397 0 -0.342
-7.0477 90 -32.5652 0.0886 0.2497 -0.9397 0 -0.342
-7.5 90 -30 0.0747 0.2497 -1 0 0
-7.5 90 -30 0.0747 0.2497 -1 0 0
-7.5 107.5 -30 0.0747 0.00440001 -1 0 0
-7.0477 107.5 -32.5652 0.0886 0.00440001 -0.9397 0 -0.342
-5.7453 107.5 -34.8209 0.1025 0.00440001 -0.766 0 -0.6428
-5.7453 90 -34.8209 0.1025 0.2497 -0.766 0 -0.6428
-7.0477 90 -32.5652 0.0886 0.2497 -0.9397 0 -0.342
-7.0477 90 -32.5652 0.0886 0.2497 -0.9397 0 -0.342
-7.0477 107.5 -32.5652 0.0886 0.00440001 -0.9397 0 -0.342
-5.7453 107.5 -34.8209 0.1025 0.00440001 -0.766 0 -0.6428
-3.75 107.5 -36.4952 0.1163 0.00440001 -0.5 0 -0.866
-3.75 90 -36.4952 0.1163 0.2497 -0.5 0 -0.866
-5.7453 90 -34.8209 0.1025 0.2497 -0.766 0 -0.6428
-5.7453 90 -34.8209 0.1025 0.2497 -0.766 0 -0.6428
-5.7453 107.5 -34.8209 0.1025 0.00440001 -0.766 0 -0.6428
-3.75 107.5 -36.4952 0.1163 0.00440001 -0.5 0 -0.866
-1.3024 107.5 -37.3861 0.1302 0.00440001 -0.1736 0 -0.9848
-1.3024 90 -37.3861 0.1302 0.2497 -0.1736 0 -0.9848
-3.75 90 -36.4952 0.1163 0.2497 -0.5 0 -0.866
-3.75 90 -36.4952 0.1163 0.2497 -0.5 0 -0.866
-3.75 107.5 -36.4952 0.1163 0.00440001 -0.5 0 -0.866
-1.3024 107.5 -37.3861 0.1302 0.00440001 -0.1736 0 -0.9848
1.3024 107.5 -37.3861 0.1441 0.00440001 0.1736 0 -0.9848
1.3024 90 -37.3861 0.1441 0.2497 0.1736 0 -0.9848
-1.3024 90 -37.3861 0.1302 0.2497 -0.1736 0 -0.9848
-1.3024 90 -37.3861 0.1302 0.2497 -0.1736 0 -0.9848
-1.3024 107.5 -37.3861 0.1302 0.00440001 -0.1736 0 -0.9848
1.3024 107.5 -37.3861 0.1441 0.00440001 0.1736 0 -0.9848
3.75 107.5 -36.4952 0.158 0.00440001 0.5 0 -0.866
3.75 90 -36.4952 0.158 0.2497 0.5 0 -0.866
1.3024 90 -37.3861 0.1441 0.2497 0.1736 0 -0.9848
1.3024 90 -37.3861 0.1441 0.2497 0.1736 0 -0.9848
1.3024 107.5 -37.3861 0.1441 0.00440001 0.1736 0 -0.9848
3.75 107.5 -36.4952 0.158 0.00440001 0.5 0 -0.866
5.7453 107.5 -34.8209 0.1719 0.00440001 0.766 0 -0.6428
5.7453 90 -34.8209 0.1719 0.2497 0.766 0 -0.6428
3.75 90 -36.4952 0.158 0.2497 0.5 0 -0.866
3.75 90 -36.4952 0.158 0.2497 0.5 0 -0.866
3.75 107.5 -36.4952 0.158 0.00440001 0.5 0 -0.866
5.7453 107.5 -34.8209 0.1719 0.00440001 0.766 0 -0.6428
7.0477 107.5 -32.5652 0.1858 0.00440001 0.9397 0 -0.342
7.0477 90 -32.5652 0.1858 0.2497 0.9397 0 -0.342
5.7453 90 -34.8209 0.1719 0.2497 0.766 0 -0.6428
5.7453 90 -34.8209 0.1719 0.2497 0.766 0 -0.6428
5.7453 107.5 -34.8209 0.1719 0.00440001 0.766 0 -0.6428
7.0477 107.5 -32.5652 0.1858 0.00440001 0.9397 0 -0.342
7.5 107.5 -30 0.1997 0.00440001 1 0 -0
7.5 90 -30 0.1997 0.2497 1 0 -0
7.0477 90 -32.5652 0.1858 0.2497 0.9397 0 -0.342
7.0477 90 -32.5652 0.1858 0.2497 0.9397 0 -0.342
7.0477 107.5 -32.5652 0.1858 0.00440001 0.9397 0 -0.342
7.5 107.5 -30 0.1997 0.00440001 1 0 -0
5.7453 107.5 -25.1791 0.2275 0.00440001 0 1 0
7.0477 107.5 -27.4348 0.2136 0.00440001 0 1 0
7.5 107.5 -30 0.1997 0.00440001 0 1 0
1.3024 107.5 -22.6139 0.2553 0.00440001 0 1 0
3.75 107.5 -23.5048 0.2414 0.00440001 0 1 0
5.7453 107.5 -25.1791 0.2275 0.00440001 0 1 0
-3.75 107.5 -23.5048 0.2404 0.00440001 0 1 0
-1.3024 107.5 -22.6139 0.2549 0.00440001 0 1 0
1.3024 107.5 -22.6139 0.2553 0.00440001 0 1 0
-3.75 107.5 -23.5048 0.2404 0.00440001 0 1 0
1.3024 107.5 -22.6139 0.2553 0.00440001 0 1 0
5.7453 107.5 -25.1791 0.2275 0.00440001 0 1 0
-7.0477 107.5 -27.4348 0.1772 0.00440001 0 1 0
-5.7453 107.5 -25.1791 0.2134 0.00440001 0 1 0
-3.75 107.5 -23.5048 0.2404 0.00440001 0 1 0
-7.0477 107.5 -32.5652 0.0953 0.00440001 0 1 0
-7.5 107.5 -30 0.1362 0.00440001 0 1 0
-7.0477 107.5 -27.4348 0.1772 0.00440001 0 1 0
-7.0477 107.5 -32.5652 0.0953 0.00440001 0 1 0
-7.0477 107.5 -27.4348 0.1772 0.00440001 0 1 0
-3.75 107.5 -23.5048 0.2404 0.00440001 0 1 0
-3.75 107.5 -36.4952 0.033 0.00440001 0 1 0
-5.7453 107.5 -34.8209 0.0594 0.00440001 0 1 0
-7.0477 107.5 -32.5652 0.0953 0.00440001 0 1 0
1.3024 107.5 -37.3861 0.0194 0.00440001 0 1 0
-1.3024 107.5 -37.3861 0.0191 0.00440001 0 1 0
-3.75 107.5 -36.4952 0.033 0.00440001 0 1 0
1.3024 107.5 -37.3861 0.0194 0.00440001 0 1 0
-3.75 107.5 -36.4952 0.033 0.00440001 0 1 0
-7.0477 107.5 -32.5652 0.0953 0.00440001 0 1 0
1.3024 107.5 -37.3861 0.0194 0.00440001 0 1 0
-7.0477 107.5 -32.5652 0.0953 0.00440001 0 1 0
-3.75 107.5 -23.5048 0.2404 0.00440001 0 1 0
1.3024 107.5 -37.3861 0.0194 0.00440001 0 1 0
-3.75 107.5 -23.5048 0.2404 0.00440001 0 1 0
5.7453 107.5 -25.1791 0.2275 0.00440001 0 1 0
5.7453 107.5 -34.8209 0.061 0.00440001 0 1 0
3.75 107.5 -36.4952 0.034 0.00440001 0 1 0
1.3024 107.5 -37.3861 0.0194 0.00440001 0 1 0
5.7453 107.5 -34.8209 0.061 0.00440001 0 1 0
1.3024 107.5 -37.3861 0.0194 0.00440001 0 1 0
5.7453 107.5 -25.1791 0.2275 0.00440001 0 1 0
5.7453 107.5 -34.8209 0.061 0.00440001 0 1 0
5.7453 107.5 -25.1791 0.2275 0.00440001 0 1 0
7.5 107.5 -30 0.1997 0.00440001 0 1 0
5.7453 107.5 -34.8209 0.061 0.00440001 0 1 0
7.5 107.5 -30 0.1997 0.00440001 0 1 0
7.0477 107.5 -32.5652 0.1858 0.00440001 0 1 0
2.5 107.5 -27.5 0.7471 0.2693 0 -1 0
-2.5 107.5 -27.5 0.7817 0.2693 0 -1 0
-2.5 107.5 -32.5 0.7817 0.3039 0 -1 0
-2.5 107.5 -32.5 0.7817 0.3039 0 -1 0
2.5 107.5 -32.5 0.7471 0.3039 0 -1 0
2.5 107.5 -27.5 0.7471 0.2693 0 -1 0
2.5 122.5 -27.5 0.7954 0.3663 0 1 0
2.5 122.5 -32.5 0.7954 0.4009 0 1 0
-2.5 122.5 -32.5 0.7608 0.4009 0 1 0
-2.5 122.5 -32.5 0.7608 0.4009 0 1 0
-2.5 122.5 -27.5 0.7608 0.3663 0 1 0
2.5 122.5 -27.5 0.7954 0.3663 0 1 0
2.5 122.5 -32.5 0.9966 0.1837 0 0 -1
2.5 107.5 -32.5 0.9966 0.2529 0 0 -1
-2.5 107.5 -32.5 0.9274 0.2529 0 0 -1
-2.5 107.5 -32.5 0.9274 0.2529 0 0 -1
-2.5 122.5 -32.5 0.9274 0.1837 0 0 -1
2.5 122.5 -32.5 0.9966 0.1837 0 0 -1
2.5 122.5 -27.5 0.9161 0.1031 1 0 0
2.5 107.5 -27.5 0.9161 0.1723 1 0 0
2.5 107.5 -32.5 0.8468 0.1723 1 0 0
2.5 107.5 -32.5 0.8468 0.1723 1 0 0
2.5 122.5 -32.5 0.8468 0.1031 1 0 0
2.5 122.5 -27.5 0.9161 0.1031 1 0 0
-2.5 122.5 -27.5 0.8459 0.0329 0 0 1
-2.5 107.5 -27.5 0.8459 0.1022 0 0 1
2.5 107.5 -27.5 0.7767 0.1022 0 0 1
2.5 107.5 -27.5 0.7767 0.1022 0 0 1
2.5 122.5 -27.5 0.7767 0.0329 0 0 1
-2.5 122.5 -27.5 0.8459 0.0329 0 0 1
-2.5 122.5 -32.5 0.9265 0.1837 -1 0 0
-2.5 107.5 -32.5 0.9265 0.2529 -1 0 0
-2.5 107.5 -27.5 0.8572 0.2529 -1 0 0
-2.5 107.5 -27.5 0.8572 0.2529 -1 0 0
-2.5 122.5 -27.5 0.8572 0.1837 -1 0 0
-2.5 122.5 -32.5 0.9265 0.1837 -1 0 0
-2.5 124.864 11.364 0.8692 0.3464 0 0.7071 -0.7071
2.5 124.864 11.364 0.9488 0.3464 0 0.7071 -0.7071
2.5 112.136 -1.364 0.9488 0.426 0 0.7071 -0.7071
2.5 112.136 -1.364 0.9488 0.426 0 0.7071 -0.7071
-2.5 112.136 -1.364 0.8692 0.426 0 0.7071 -0.7071
-2.5 124.864 11.364 0.8692 0.3464 0 0.7071 -0.7071
-2.5 121.328 14.8995 0.7757 0.0927 0 -0.7071 0.7071
-2.5 108.601 2.1716 0.7757 0.1723 0 -0.7071 0.7071
2.5 108.601 2.1716 0.6961 0.1723 0 -0.7071 0.7071
2.5 108.601 2.1716 0.6961 0.1723 0 -0.7071 0.7071
2.5 121.328 14.8995 0.6961 0.0927 0 -0.7071 0.7071
-2.5 121.328 14.8995 0.7757 0.0927 0 -0.7071 0.7071
-2.5 108.601 2.1716 0.6086 0.0156 0 -0.7071 -0.7071
-2.5 112.136 -1.364 0.6086 0.0503 0 -0.7071 -0.7071
2.5 112.136 -1.364 0.574 0.0503 0 -0.7071 -0.7071
2.5 112.136 -1.364 0.574 0.0503 0 -0.7071 -0.7071
2.5 108.601 2.1716 0.574 0.0156 0 -0.7071 -0.7071
-2.5 108.601 2.1716 0.6086 0.0156 0 -0.7071 -0.7071
-2.5 121.328 14.8995 0.6747 0.4539 -1 0 0
-2.5 124.864 11.364 0.6747 0.5335 -1 0 0
-2.5 112.136 -1.364 0.5951 0.5335 -1 0 0
-2.5 112.136 -1.364 0.5951 0.5335 -1 0 0
-2.5 108.601 2.1716 0.5951 0.4539 -1 0 0
-2.5 121.328 14.8995 0.6747 0.4539 -1 0 0
2.5 121.328 14.8995 0.5492 0.4183 0 0.7071 0.7071
2.5 124.864 11.364 0.5492 0.4529 0 0.7071 0.7071
-2.5 124.864 11.364 0.5145 0.4529 0 0.7071 0.7071
-2.5 124.864 11.364 0.5145 0.4529 0 0.7071 0.7071
-2.5 121.328 14.8995 0.5145 0.4183 0 0.7071 0.7071
2.5 121.328 14.8995 0.5492 0.4183 0 0.7071 0.7071
2.5 108.601 2.1716 0.7757 0.1733 1 -0 -0
2.5 112.136 -1.364 0.7757 0.2529 1 -0 -0
2.5 124.864 11.364 0.6961 0.2529 1 -0 -0
2.5 124.864 11.364 0.6961 0.2529 1 -0 -0
2.5 121.328 14.8995 0.6961 0.1733 1 -0 -0
2.5 108.601 2.1716 0.7757 0.1733 1 -0 -0
2.5 108.636 -3.636 0.574 0.0512 0 -0.7071 -0.7071
-2.5 108.636 -3.636 0.6536 0.0512 0 -0.7071 -0.7071
-2.5 121.364 -16.364 0.6536 0.1308 0 -0.7071 -0.7071
-2.5 121.364 -16.364 0.6536 0.1308 0 -0.7071 -0.7071
2.5 121.364 -16.364 0.574 0.1308 0 -0.7071 -0.7071
2.5 108.636 -3.636 0.574 0.0512 0 -0.7071 -0.7071
2.5 112.172 -0.1005 0.8563 0.1733 0 0.7071 0.7071
2.5 124.899 -12.8284 0.8563 0.2529 0 0.7071 0.7071
-2.5 124.899 -12.8284 0.7767 0.2529 0 0.7071 0.7071
-2.5 124.899 -12.8284 0.7767 0.2529 0 0.7071 0.7071
-2.5 112.172 -0.1005 0.7767 0.1733 0 0.7071 0.7071
2.5 112.172 -0.1005 0.8563 0.1733 0 0.7071 0.7071
2.5 124.899 -12.8284 0.9038 0.6423 0 0.7071 -0.7071
2.5 121.364 -16.364 0.9038 0.6769 0 0.7071 -0.7071
-2.5 121.364 -16.364 0.8692 0.6769 0 0.7071 -0.7071
-2.5 121.364 -16.364 0.8692 0.6769 0 0.7071 -0.7071
-2.5 124.899 -12.8284 0.8692 0.6423 0 0.7071 -0.7071
2.5 124.899 -12.8284 0.9038 0.6423 0 0.7071 -0.7071
2.5 112.172 -0.1005 0.5942 0.4555 1 0 0
2.5 108.636 -3.636 0.5942 0.5351 1 0 0
2.5 121.364 -16.364 0.5145 0.5351 1 0 0
2.5 121.364 -16.364 0.5145 0.5351 1 0 0
2.5 124.899 -12.8284 0.5145 0.4555 1 0 0
2.5 112.172 -0.1005 0.5942 0.4555 1 0 0
-2.5 112.172 -0.1005 0.7817 0.6423 0 -0.7071 0.7071
-2.5 108.636 -3.636 0.7817 0.6769 0 -0.7071 0.7071
2.5 108.636 -3.636 0.7471 0.6769 0 -0.7071 0.7071
2.5 108.636 -3.636 0.7471 0.6769 0 -0.7071 0.7071
2.5 112.172 -0.1005 0.7471 0.6423 0 -0.7071 0.7071
-2.5 112.172 -0.1005 0.7817 0.6423 0 -0.7071 0.7071
-2.5 124.899 -12.8284 0.9488 0.2658 -1 0 0
-2.5 121.364 -16.364 0.9488 0.3454 -1 0 0
-2.5 108.636 -3.636 0.8692 0.3454 -1 0 0
-2.5 108.636 -3.636 0.8692 0.3454 -1 0 0
-2.5 112.172 -0.1005 0.8692 0.2658 -1 0 0
-2.5 124.899 -12.8284 0.9488 0.2658 -1 0 0
3.75 121.25 15 0.7471 0.8 0 -1 0
-3.75 121.25 15 0.9461 0.8 0 -1 0
-3.75 121.25 -35 0.9461 0.999 0 -1 0
-3.75 121.25 -35 0.9461 0.999 0 -1 0
3.75 121.25 -35 0.7471 0.999 0 -1 0
3.75 121.25 15 0.7471 0.8 0 -1 0
3.75 128.75 15 0.9461 0.4269 0 1 0
3.75 128.75 -35 0.9461 0.6259 0 1 0
-3.75 128.75 -35 0.7471 0.6259 0 1 0
-3.75 128.75 -35 0.7471 0.6259 0 1 0
-3.75 128.75 15 0.7471 0.4269 0 1 0
3.75 128.75 15 0.9461 0.4269 0 1 0
3.75 128.75 -35 0.999 0.574 0 0 -1
3.75 121.25 -35 0.999 0.6259 0 0 -1
-3.75 121.25 -35 0.9471 0.6259 0 0 -1
-3.75 121.25 -35 0.9471 0.6259 0 0 -1
-3.75 128.75 -35 0.9471 0.574 0 0 -1
3.75 128.75 -35 0.999 0.574 0 0 -1
3.75 128.75 15 0.7179 0.7876 1 0 0
3.75 121.25 15 0.7179 0.9867 1 0 0
3.75 121.25 -35 0.5189 0.9867 1 0 0
3.75 121.25 -35 0.5189 0.9867 1 0 0
3.75 128.75 -35 0.5189 0.7876 1 0 0
3.75 128.75 15 0.7179 0.7876 1 0 0
-3.75 128.75 15 0.999 0.9471 0 0 1
-3.75 121.25 15 0.999 0.999 0 0 1
3.75 121.25 15 0.9471 0.999 0 0 1
3.75 121.25 15 0.9471 0.999 0 0 1
3.75 128.75 15 0.9471 0.9471 0 0 1
-3.75 128.75 15 0.999 0.9471 0 0 1
-3.75 128.75 -35 0.7189 0.5552 -1 0 0
-3.75 121.25 -35 0.7189 0.7543 -1 0 0
-3.75 121.25 15 0.5199 0.7543 -1 0 0
-3.75 121.25 15 0.5199 0.7543 -1 0 0
-3.75 128.75 15 0.5199 0.5552 -1 0 0
-3.75 128.75 -35 0.7189 0.5552 -1 0 0
3.75 25 3.75 0.7857 0.7188 0 -1 0
-3.75 25 3.75 0.8376 0.7188 0 -1 0
-3.75 25 -3.75 0.8376 0.7708 0 -1 0
-3.75 25 -3.75 0.8376 0.7708 0 -1 0
3.75 25 -3.75 0.7857 0.7708 0 -1 0
3.75 25 3.75 0.7857 0.7188 0 -1 0
3.75 125 3.75 0.7395 0.418 0 1 0
3.75 125 -3.75 0.7395 0.4699 0 1 0
-3.75 125 -3.75 0.6876 0.4699 0 1 0
-3.75 125 -3.75 0.6876 0.4699 0 1 0
-3.75 125 3.75 0.6876 0.418 0 1 0
3.75 125 3.75 0.7395 0.418 0 1 0
3.75 125 -3.75 0.2474 0.6263 0 0 -1
3.75 25 -3.75 0.2474 0.9984 0 0 -1
-3.75 25 -3.75 0.1236 0.9984 0 0 -1
-3.75 25 -3.75 0.1236 0.9984 0 0 -1
-3.75 125 -3.75 0.1236 0.6263 0 0 -1
3.75 125 -3.75 0.2474 0.6263 0 0 -1
3.75 125 3.75 0.3785 0.6301 1 0 0
3.75 25 3.75 0.3785 0.999 1 0 0
3.75 25 -3.75 0.2499 0.999 1 0 0
3.75 25 -3.75 0.2499 0.999 1 0 0
3.75 125 -3.75 0.2499 0.6301 1 0 0
3.75 125 3.75 0.3785 0.6301 1 0 0
-3.75 125 3.75 0.4979 0.6247 0 0 1
-3.75 25 3.75 0.4979 0.9968 0 0 1
3.75 25 3.75 0.382 0.9968 0 0 1
3.75 25 3.75 0.382 0.9968 0 0 1
3.75 125 3.75 0.382 0.6247 0 0 1
-3.75 125 3.75 0.4979 0.6247 0 0 1
-3.75 125 -3.75 0.1216 0.6269 -1 0 0
-3.75 25 -3.75 0.1216 0.999 -1 0 0
-3.75 25 3.75 0.001 0.999 -1 0 0
-3.75 25 3.75 0.001 0.999 -1 0 0
-3.75 125 3.75 0.001 0.6269 -1 0 0
-3.75 125 -3.75 0.1216 0.6269 -1 0 0
