Vertex Count: 180

Data:

-45.1775 1.1967 -25.3484 0 0 0 -0.7071 -0.7071
-45.1775 6.5 -30.6517 1 0 0 -0.7071 -0.7071
-37.6775 6.5 -30.6516 1 1 0 -0.7071 -0.7071
-37.6775 6.5 -30.6516 1 1 0 -0.7071 -0.7071
-37.6775 1.1967 -25.3483 0 1 0 -0.7071 -0.7071
-45.1775 1.1967 -25.3484 0 0 0 -0.7071 -0.7071
-45.1775 80.7462 54.2012 1 0 -0 0.7071 0.7071
-37.6775 80.7462 54.2012 1 1 -0 0.7071 0.7071
-37.6775 86.0495 48.8979 0 1 -0 0.7071 0.7071
-37.6775 86.0495 48.8979 0 1 -0 0.7071 0.7071
-45.1775 86.0495 48.8979 0 0 -0 0.7071 0.7071
-45.1775 80.7462 54.2012 1 0 -0 0.7071 0.7071
-37.6775 80.7462 54.2012 1 0 1 0 0
-37.6775 1.1967 -25.3483 1 1 1 0 0
-37.6775 6.5 -30.6516 0 1 1 0 0
-37.6775 6.5 -30.6516 0 1 1 0 0
-37.6775 86.0495 48.8979 0 0 1 0 0
-37.6775 80.7462 54.2012 1 0 1 0 0
-45.1775 80.7462 54.2012 1 0 -0 -0.7071 0.7071
-45.1775 1.1967 -25.3484 1 1 -0 -0.7071 0.7071
-37.6775 1.1967 -25.3483 0 1 -0 -0.7071 0.7071
-37.6775 1.1967 -25.3483 0 1 -0 -0.7071 0.7071
-37.6775 80.7462 54.2012 0 0 -0 -0.7071 0.7071
-45.1775 80.7462 54.2012 1 0 -0 -0.7071 0.7071
-45.1775 86.0495 48.8979 1 0 -1 0 -0
-45.1775 6.5 -30.6517 1 1 -1 0 -0
-45.1775 1.1967 -25.3484 0 1 -1 0 -0
-45.1775 1.1967 -25.3484 0 1 -1 0 -0
-45.1775 80.7462 54.2012 0 0 -1 0 -0
-45.1775 86.0495 48.8979 1 0 -1 0 -0
-37.6775 86.0495 48.8979 1 0 0 0.7071 -0.7071
-37.6775 6.5 -30.6516 1 1 0 0.7071 -0.7071
-45.1775 6.5 -30.6517 0 1 0 0.7071 -0.7071
-45.1775 6.5 -30.6517 0 1 0 0.7071 -0.7071
-45.1775 86.0495 48.8979 0 0 0 0.7071 -0.7071
-37.6775 86.0495 48.8979 1 0 0 0.7071 -0.7071
-43 6.5 32.6516 0 0 -0 -0.7071 0.7071
-43 1.1967 27.3483 1 0 -0 -0.7071 0.7071
-37 1.1967 27.3483 1 1 -0 -0.7071 0.7071
-37 1.1967 27.3483 1 1 -0 -0.7071 0.7071
-37 6.5 32.6516 0 1 -0 -0.7071 0.7071
-43 6.5 32.6516 0 0 -0 -0.7071 0.7071
-43 86.0495 -46.8979 1 0 0 0.7071 -0.7071
-37 86.0495 -46.8979 1 1 0 0.7071 -0.7071
-37 80.7462 -52.2011 0 1 0 0.7071 -0.7071
-37 80.7462 -52.2011 0 1 0 0.7071 -0.7071
-43 80.7462 -52.2011 0 0 0 0.7071 -0.7071
-43 86.0495 -46.8979 1 0 0 0.7071 -0.7071
-37 86.0495 -46.8979 1 0 1 0 0
-37 6.5 32.6516 1 1 1 0 0
-37 1.1967 27.3483 0 1 1 0 0
-37 1.1967 27.3483 0 1 1 0 0
-37 80.7462 -52.2011 0 0 1 0 0
-37 86.0495 -46.8979 1 0 1 0 0
-43 86.0495 -46.8979 1 0 -0 0.7071 0.7071
-43 6.5 32.6516 1 1 -0 0.7071 0.7071
-37 6.5 32.6516 0 1 -0 0.7071 0.7071
-37 6.5 32.6516 0 1 -0 0.7071 0.7071
-37 86.0495 -46.8979 0 0 -0 0.7071 0.7071
-43 86.0495 -46.8979 1 0 -0 0.7071 0.7071
-43 80.7462 -52.2011 1 0 -1 0 -0
-43 1.1967 27.3483 1 1 -1 0 -0
-43 6.5 32.6516 0 1 -1 0 -0
-43 6.5 32.6516 0 1 -1 0 -0
-43 86.0495 -46.8979 0 0 -1 0 -0
-43 80.7462 -52.2011 1 0 -1 0 -0
-37 80.7462 -52.2011 1 0 0 -0.7071 -0.7071
-37 1.1967 27.3483 1 1 0 -0.7071 -0.7071
-43 1.1967 27.3483 0 1 0 -0.7071 -0.7071
-43 1.1967 27.3483 0 1 0 -0.7071 -0.7071
-43 80.7462 -52.2011 0 0 0 -0.7071 -0.7071
-37 80.7462 -52.2011 1 0 0 -0.7071 -0.7071
37 6.5 32.6516 0 0 -0 -0.7071 0.7071
37 1.1967 27.3483 1 0 -0 -0.7071 0.7071
43 1.1967 27.3483 1 1 -0 -0.7071 0.7071
43 1.1967 27.3483 1 1 -0 -0.7071 0.7071
43 6.5 32.6516 0 1 -0 -0.7071 0.7071
37 6.5 32.6516 0 0 -0 -0.7071 0.7071
37 86.0495 -46.8979 1 0 0 0.7071 -0.7071
43 86.0495 -46.8979 1 1 0 0.7071 -0.7071
43 80.7462 -52.2011 0 1 0 0.7071 -0.7071
43 80.7462 -52.2011 0 1 0 0.7071 -0.7071
37 80.7462 -52.2011 0 0 0 0.7071 -0.7071
37 86.0495 -46.8979 1 0 0 0.7071 -0.7071
43 86.0495 -46.8979 1 0 1 0 0
43 6.5 32.6516 1 1 1 0 0
43 1.1967 27.3483 0 1 1 0 0
43 1.1967 27.3483 0 1 1 0 0
43 80.7462 -52.2011 0 0 1 0 0
43 86.0495 -46.8979 1 0 1 0 0
37 86.0495 -46.8979 1 0 -0 0.7071 0.7071
37 6.5 32.6516 1 1 -0 0.7071 0.7071
43 6.5 32.6516 0 1 -0 0.7071 0.7071
43 6.5 32.6516 0 1 -0 0.7071 0.7071
43 86.0495 -46.8979 0 0 -0 0.7071 0.7071
37 86.0495 -46.8979 1 0 -0 0.7071 0.7071
37 80.7462 -52.2011 1 0 -1 0 -0
37 1.1967 27.3483 1 1 -1 0 -0
37 6.5 32.6516 0 1 -1 0 -0
37 6.5 32.6516 0 1 -1 0 -0
37 86.0495 -46.8979 0 0 -1 0 -0
37 80.7462 -52.2011 1 0 -1 0 -0
43 80.7462 -52.2011 1 0 0 -0.7071 -0.7071
43 1.1967 27.3483 1 1 0 -0.7071 -0.7071
37 1.1967 27.3483 0 1 0 -0.7071 -0.7071
37 1.1967 27.3483 0 1 0 -0.7071 -0.7071
37 80.7462 -52.2011 0 0 0 -0.7071 -0.7071
43 80.7462 -52.2011 1 0 0 -0.7071 -0.7071
37.3022 1.1967 -25.3484 0 0 0 -0.7071 -0.7071
37.3022 6.5 -30.6517 1 0 0 -0.7071 -0.7071
44.8022 6.5 -30.6516 1 1 0 -0.7071 -0.7071
44.8022 6.5 -30.6516 1 1 0 -0.7071 -0.7071
44.8022 1.1967 -25.3483 0 1 0 -0.7071 -0.7071
37.3022 1.1967 -25.3484 0 0 0 -0.7071 -0.7071
37.3022 80.7462 54.2012 1 0 -0 0.7071 0.7071
44.8022 80.7462 54.2012 1 1 -0 0.7071 0.7071
44.8022 86.0495 48.8979 0 1 -0 0.7071 0.7071
44.8022 86.0495 48.8979 0 1 -0 0.7071 0.7071
37.3022 86.0495 48.8979 0 0 -0 0.7071 0.7071
37.3022 80.7462 54.2012 1 0 -0 0.7071 0.7071
44.8022 80.7462 54.2012 1 0 1 0 0
44.8022 1.1967 -25.3483 1 1 1 0 0
44.8022 6.5 -30.6516 0 1 1 0 0
44.8022 6.5 -30.6516 0 1 1 0 0
44.8022 86.0495 48.8979 0 0 1 0 0
44.8022 80.7462 54.2012 1 0 1 0 0
37.3022 80.7462 54.2012 1 0 -0 -0.7071 0.7071
37.3022 1.1967 -25.3484 1 1 -0 -0.7071 0.7071
44.8022 1.1967 -25.3483 0 1 -0 -0.7071 0.7071
44.8022 1.1967 -25.3483 0 1 -0 -0.7071 0.7071
44.8022 80.7462 54.2012 0 0 -0 -0.7071 0.7071
37.3022 80.7462 54.2012 1 0 -0 -0.7071 0.7071
37.3022 86.0495 48.8979 1 0 -1 0 -0
37.3022 6.5 -30.6517 1 1 -1 0 -0
37.3022 1.1967 -25.3484 0 1 -1 0 -0
37.3022 1.1967 -25.3484 0 1 -1 0 -0
37.3022 80.7462 54.2012 0 0 -1 0 -0
37.3022 86.0495 48.8979 1 0 -1 0 -0
44.8022 86.0495 48.8979 1 0 0 0.7071 -0.7071
44.8022 6.5 -30.6516 1 1 0 0.7071 -0.7071
37.3022 6.5 -30.6517 0 1 0 0.7071 -0.7071
37.3022 6.5 -30.6517 0 1 0 0.7071 -0.7071
37.3022 86.0495 48.8979 0 0 0 0.7071 -0.7071
44.8022 86.0495 48.8979 1 0 0 0.7071 -0.7071
-56.25 80 56.25 0 0 0 -1 0
-56.25 80 -56.25 1 0 0 -1 0
56.25 80 -56.25 1 1 0 -1 0
56.25 80 -56.25 1 1 0 -1 0
56.25 80 56.25 0 1 0 -1 0
-56.25 80 56.25 0 0 0 -1 0
-56.25 87.5 56.25 1 0 0 1 0
56.25 87.5 56.25 1 1 0 1 0
56.25 87.5 -56.25 0 1 0 1 0
56.25 87.5 -56.25 0 1 0 1 0
-56.25 87.5 -56.25 0 0 0 1 0
-56.25 87.5 56.25 1 0 0 1 0
56.25 87.5 56.25 1 0 1 0 0
56.25 80 56.25 1 1 1 0 0
56.25 80 -56.25 0 1 1 0 0
56.25 80 -56.25 0 1 1 0 0
56.25 87.5 -56.25 0 0 1 0 0
56.25 87.5 56.25 1 0 1 0 0
-56.25 87.5 56.25 1 0 -0 0 1
-56.25 80 56.25 1 1 -0 0 1
56.25 80 56.25 0 1 -0 0 1
56.25 80 56.25 0 1 -0 0 1
56.25 87.5 56.25 0 0 -0 0 1
-56.25 87.5 56.25 1 0 -0 0 1
-56.25 87.5 -56.25 1 0 -1 0 -0
-56.25 80 -56.25 1 1 -1 0 -0
-56.25 80 56.25 0 1 -1 0 -0
-56.25 80 56.25 0 1 -1 0 -0
-56.25 87.5 56.25 0 0 -1 0 -0
-56.25 87.5 -56.25 1 0 -1 0 -0
56.25 87.5 -56.25 1 0 0 0 -1
56.25 80 -56.25 1 1 0 0 -1
-56.25 80 -56.25 0 1 0 0 -1
-56.25 80 -56.25 0 1 0 0 -1
-56.25 87.5 -56.25 0 0 0 0 -1
56.25 87.5 -56.25 1 0 0 0 -1
