Vertex Count: 36

Data:

57.5 0 60 0.5014 0.3422 0 -1 0
52.5 0 60 0.6593 0.3422 0 -1 0
52.5 0 -60 0.6593 0.5001 0 -1 0
52.5 0 -60 0.6593 0.5001 0 -1 0
57.5 0 -60 0.5014 0.5001 0 -1 0
57.5 0 60 0.5014 0.3422 0 -1 0
57.5 50 60 0.8188 0.3422 0 1 0
57.5 50 -60 0.8188 0.5001 0 1 0
52.5 50 -60 0.6608 0.5001 0 1 0
52.5 50 -60 0.6608 0.5001 0 1 0
52.5 50 60 0.6608 0.3422 0 1 0
57.5 50 60 0.8188 0.3422 0 1 0
57.5 50 -60 0.9223 0.3982 0 0 -1
57.5 0 -60 0.9223 0.5001 0 0 -1
52.5 0 -60 0.8203 0.5001 0 0 -1
52.5 0 -60 0.8203 0.5001 0 0 -1
52.5 50 -60 0.8203 0.3982 0 0 -1
57.5 50 -60 0.9223 0.3982 0 0 -1
57.5 50 60 0.4995 0 1 0 0
57.5 0 60 0.4995 0.4995 1 0 0
57.5 0 -60 0 0.4995 1 0 0
57.5 0 -60 0 0.4995 1 0 0
57.5 50 -60 0 0 1 0 0
57.5 50 60 0.4995 0 1 0 0
52.5 50 60 0.9223 0.2952 0 0 1
52.5 0 60 0.9223 0.3971 0 0 1
57.5 0 60 0.8203 0.3971 0 0 1
57.5 0 60 0.8203 0.3971 0 0 1
57.5 50 60 0.8203 0.2952 0 0 1
52.5 50 60 0.9223 0.2952 0 0 1
52.5 50 -60 0.8764 0.5033 -1 0 0
52.5 0 -60 0.8764 1.0056 -1 0 0
52.5 0 60 0.1266 1.0056 -1 0 0
52.5 0 60 0.1266 1.0056 -1 0 0
52.5 50 60 0.1266 0.5033 -1 0 0
52.5 50 -60 0.8764 0.5033 -1 0 0
